1000
1500
0 1 9
1 2 45
2 3 53
3 4 15
4 5 42
5 6 97
6 7 71
7 8 66
8 9 7
9 10 88
10 11 6
11 12 98
12 13 95
13 14 36
14 15 20
15 16 59
16 17 94
17 18 6
18 19 81
19 20 70
20 21 65
21 22 29
22 23 78
23 24 37
24 25 74
25 26 48
26 27 52
27 28 4
28 29 32
29 30 93
30 31 18
31 32 13
32 33 55
33 34 94
34 35 49
35 36 42
36 37 99
37 38 46
38 39 35
39 40 84
40 41 52
41 42 79
42 43 80
43 44 7
44 45 85
45 46 53
46 47 89
47 48 70
48 49 79
49 50 27
50 51 84
51 52 99
52 53 9
53 54 73
54 55 33
55 56 70
56 57 77
57 58 69
58 59 41
59 60 18
60 61 63
61 62 29
62 63 42
63 64 33
64 65 75
65 66 56
66 67 79
67 68 63
68 69 89
69 70 90
70 71 64
71 72 98
72 73 49
73 74 35
74 75 100
75 76 89
76 77 71
77 78 3
78 79 70
79 80 20
80 81 2
81 82 26
82 83 11
83 84 39
84 85 9
85 86 7
86 87 89
87 88 90
88 89 48
89 90 89
90 91 85
91 92 8
92 93 56
93 94 42
94 95 10
95 96 61
96 97 25
97 98 98
98 99 55
99 100 39
100 101 92
101 102 62
102 103 21
103 104 34
104 105 57
105 106 44
106 107 14
107 108 14
108 109 92
109 110 53
110 111 64
111 112 59
112 113 84
113 114 12
114 115 87
115 116 78
116 117 10
117 118 83
118 119 30
119 120 32
120 121 53
121 122 44
122 123 68
123 124 73
124 125 2
125 126 86
126 127 23
127 128 48
128 129 47
129 130 14
130 131 79
131 132 93
132 133 15
133 134 23
134 135 76
135 136 34
136 137 97
137 138 77
138 139 55
139 140 11
140 141 33
141 142 100
142 143 47
143 144 91
144 145 87
145 146 87
146 147 67
147 148 93
148 149 18
149 150 59
150 151 86
151 152 16
152 153 99
153 154 73
154 155 60
155 156 74
156 157 17
157 158 95
158 159 85
159 160 49
160 161 79
161 162 4
162 163 33
163 164 66
164 165 15
165 166 44
166 167 77
167 168 73
168 169 41
169 170 55
170 171 93
171 172 84
172 173 67
173 174 68
174 175 69
175 176 94
176 177 31
177 178 2
178 179 29
179 180 5
180 181 42
181 182 10
182 183 63
183 184 58
184 185 34
185 186 72
186 187 4
187 188 53
188 189 93
189 190 89
190 191 67
191 192 34
192 193 15
193 194 57
194 195 29
195 196 4
196 197 62
197 198 76
198 199 20
199 200 34
200 201 52
201 202 22
202 203 35
203 204 75
204 205 29
205 206 98
206 207 22
207 208 29
208 209 78
209 210 40
210 211 46
211 212 28
212 213 6
213 214 15
214 215 55
215 216 6
216 217 90
217 218 16
218 219 12
219 220 12
220 221 65
221 222 55
222 223 26
223 224 66
224 225 89
225 226 36
226 227 36
227 228 25
228 229 61
229 230 57
230 231 83
231 232 38
232 233 41
233 234 93
234 235 2
235 236 39
236 237 87
237 238 85
238 239 26
239 240 17
240 241 83
241 242 92
242 243 97
243 244 43
244 245 30
245 246 15
246 247 5
247 248 13
248 249 94
249 250 44
250 251 13
251 252 80
252 253 54
253 254 99
254 255 81
255 256 31
256 257 7
257 258 90
258 259 30
259 260 46
260 261 68
261 262 36
262 263 11
263 264 100
264 265 17
265 266 87
266 267 44
267 268 72
268 269 14
269 270 29
270 271 9
271 272 13
272 273 9
273 274 61
274 275 11
275 276 91
276 277 32
277 278 31
278 279 43
279 280 64
280 281 60
281 282 41
282 283 46
283 284 91
284 285 26
285 286 40
286 287 72
287 288 8
288 289 23
289 290 63
290 291 38
291 292 57
292 293 12
293 294 9
294 295 91
295 296 59
296 297 32
297 298 54
298 299 83
299 300 92
300 301 96
301 302 96
302 303 99
303 304 18
304 305 3
305 306 92
306 307 81
307 308 5
308 309 99
309 310 65
310 311 2
311 312 96
312 313 37
313 314 92
314 315 21
315 316 49
316 317 16
317 318 75
318 319 24
319 320 23
320 321 43
321 322 27
322 323 1
323 324 48
324 325 43
325 326 63
326 327 6
327 328 35
328 329 30
329 330 79
330 331 82
331 332 51
332 333 39
333 334 6
334 335 25
335 336 79
336 337 61
337 338 77
338 339 3
339 340 62
340 341 22
341 342 39
342 343 64
343 344 57
344 345 14
345 346 61
346 347 72
347 348 7
348 349 25
349 350 50
350 351 54
351 352 16
352 353 8
353 354 80
354 355 24
355 356 19
356 357 94
357 358 3
358 359 69
359 360 5
360 361 22
361 362 10
362 363 40
363 364 43
364 365 67
365 366 8
366 367 28
367 368 88
368 369 93
369 370 77
370 371 66
371 372 82
372 373 64
373 374 5
374 375 63
375 376 12
376 377 36
377 378 91
378 379 70
379 380 24
380 381 64
381 382 51
382 383 6
383 384 61
384 385 81
385 386 56
386 387 61
387 388 67
388 389 67
389 390 46
390 391 47
391 392 33
392 393 32
393 394 70
394 395 97
395 396 29
396 397 30
397 398 34
398 399 11
399 400 37
400 401 89
401 402 77
402 403 52
403 404 73
404 405 30
405 406 2
406 407 96
407 408 66
408 409 88
409 410 69
410 411 2
411 412 93
412 413 87
413 414 85
414 415 68
415 416 48
416 417 25
417 418 2
418 419 28
419 420 2
420 421 43
421 422 49
422 423 95
423 424 40
424 425 24
425 426 16
426 427 46
427 428 89
428 429 94
429 430 49
430 431 76
431 432 89
432 433 63
433 434 95
434 435 58
435 436 23
436 437 68
437 438 25
438 439 66
439 440 100
440 441 30
441 442 38
442 443 27
443 444 29
444 445 28
445 446 70
446 447 78
447 448 21
448 449 71
449 450 4
450 451 85
451 452 72
452 453 34
453 454 36
454 455 13
455 456 99
456 457 37
457 458 90
458 459 73
459 460 17
460 461 41
461 462 43
462 463 28
463 464 46
464 465 98
465 466 66
466 467 46
467 468 10
468 469 38
469 470 96
470 471 52
471 472 69
472 473 35
473 474 21
474 475 91
475 476 49
476 477 53
477 478 96
478 479 89
479 480 58
480 481 29
481 482 78
482 483 45
483 484 82
484 485 29
485 486 37
486 487 99
487 488 89
488 489 42
489 490 58
490 491 71
491 492 3
492 493 71
493 494 79
494 495 89
495 496 77
496 497 58
497 498 39
498 499 76
499 500 98
500 501 87
501 502 38
502 503 28
503 504 83
504 505 52
505 506 44
506 507 12
507 508 53
508 509 10
509 510 43
510 511 41
511 512 57
512 513 14
513 514 68
514 515 20
515 516 54
516 517 62
517 518 5
518 519 14
519 520 49
520 521 86
521 522 56
522 523 91
523 524 48
524 525 9
525 526 87
526 527 33
527 528 48
528 529 64
529 530 60
530 531 13
531 532 70
532 533 92
533 534 80
534 535 69
535 536 41
536 537 33
537 538 35
538 539 88
539 540 98
540 541 4
541 542 96
542 543 79
543 544 94
544 545 43
545 546 71
546 547 98
547 548 61
548 549 27
549 550 54
550 551 89
551 552 56
552 553 97
553 554 27
554 555 56
555 556 53
556 557 46
557 558 20
558 559 28
559 560 40
560 561 3
561 562 14
562 563 100
563 564 17
564 565 19
565 566 39
566 567 54
567 568 82
568 569 52
569 570 6
570 571 16
571 572 77
572 573 6
573 574 79
574 575 76
575 576 87
576 577 45
577 578 67
578 579 23
579 580 43
580 581 41
581 582 57
582 583 19
583 584 31
584 585 48
585 586 61
586 587 64
587 588 29
588 589 52
589 590 5
590 591 12
591 592 69
592 593 71
593 594 17
594 595 95
595 596 72
596 597 91
597 598 85
598 599 68
599 600 7
600 601 23
601 602 26
602 603 80
603 604 38
604 605 41
605 606 18
606 607 24
607 608 56
608 609 4
609 610 87
610 611 14
611 612 67
612 613 82
613 614 17
614 615 73
615 616 18
616 617 12
617 618 35
618 619 43
619 620 80
620 621 12
621 622 99
622 623 7
623 624 96
624 625 67
625 626 58
626 627 76
627 628 36
628 629 17
629 630 30
630 631 98
631 632 26
632 633 62
633 634 4
634 635 1
635 636 73
636 637 75
637 638 30
638 639 27
639 640 87
640 641 17
641 642 10
642 643 74
643 644 55
644 645 43
645 646 73
646 647 98
647 648 47
648 649 37
649 650 95
650 651 7
651 652 75
652 653 18
653 654 39
654 655 52
655 656 84
656 657 72
657 658 50
658 659 53
659 660 77
660 661 24
661 662 59
662 663 66
663 664 9
664 665 49
665 666 70
666 667 6
667 668 39
668 669 73
669 670 12
670 671 51
671 672 89
672 673 84
673 674 21
674 675 11
675 676 85
676 677 59
677 678 15
678 679 19
679 680 7
680 681 28
681 682 39
682 683 79
683 684 87
684 685 11
685 686 99
686 687 9
687 688 40
688 689 34
689 690 71
690 691 5
691 692 12
692 693 29
693 694 88
694 695 24
695 696 5
696 697 85
697 698 9
698 699 16
699 700 8
700 701 1
701 702 98
702 703 8
703 704 62
704 705 96
705 706 47
706 707 73
707 708 30
708 709 56
709 710 56
710 711 33
711 712 17
712 713 43
713 714 34
714 715 28
715 716 78
716 717 91
717 718 24
718 719 44
719 720 84
720 721 71
721 722 24
722 723 81
723 724 57
724 725 90
725 726 56
726 727 20
727 728 91
728 729 69
729 730 70
730 731 6
731 732 82
732 733 26
733 734 71
734 735 53
735 736 86
736 737 53
737 738 32
738 739 22
739 740 12
740 741 26
741 742 95
742 743 59
743 744 40
744 745 73
745 746 57
746 747 86
747 748 76
748 749 98
749 750 57
750 751 48
751 752 80
752 753 17
753 754 40
754 755 28
755 756 40
756 757 51
757 758 9
758 759 27
759 760 9
760 761 49
761 762 93
762 763 28
763 764 28
764 765 30
765 766 84
766 767 52
767 768 95
768 769 60
769 770 22
770 771 94
771 772 11
772 773 75
773 774 70
774 775 96
775 776 51
776 777 91
777 778 72
778 779 71
779 780 4
780 781 86
781 782 87
782 783 20
783 784 37
784 785 29
785 786 50
786 787 49
787 788 60
788 789 91
789 790 39
790 791 45
791 792 69
792 793 37
793 794 4
794 795 57
795 796 91
796 797 44
797 798 87
798 799 20
799 800 82
800 801 88
801 802 67
802 803 14
803 804 99
804 805 67
805 806 67
806 807 37
807 808 3
808 809 77
809 810 85
810 811 63
811 812 47
812 813 30
813 814 68
814 815 21
815 816 95
816 817 95
817 818 13
818 819 49
819 820 33
820 821 62
821 822 13
822 823 6
823 824 6
824 825 13
825 826 3
826 827 78
827 828 81
828 829 30
829 830 83
830 831 35
831 832 69
832 833 50
833 834 26
834 835 61
835 836 27
836 837 78
837 838 93
838 839 56
839 840 39
840 841 48
841 842 5
842 843 19
843 844 69
844 845 52
845 846 95
846 847 73
847 848 12
848 849 8
849 850 89
850 851 25
851 852 33
852 853 77
853 854 86
854 855 84
855 856 14
856 857 70
857 858 19
858 859 12
859 860 29
860 861 58
861 862 88
862 863 43
863 864 25
864 865 37
865 866 10
866 867 88
867 868 69
868 869 92
869 870 30
870 871 65
871 872 22
872 873 76
873 874 5
874 875 38
875 876 74
876 877 34
877 878 27
878 879 4
879 880 61
880 881 94
881 882 70
882 883 82
883 884 10
884 885 67
885 886 26
886 887 58
887 888 47
888 889 10
889 890 60
890 891 2
891 892 77
892 893 23
893 894 10
894 895 74
895 896 69
896 897 59
897 898 80
898 899 11
899 900 40
900 901 98
901 902 6
902 903 50
903 904 52
904 905 95
905 906 51
906 907 28
907 908 83
908 909 24
909 910 68
910 911 52
911 912 52
912 913 97
913 914 60
914 915 86
915 916 43
916 917 59
917 918 73
918 919 32
919 920 43
920 921 92
921 922 7
922 923 44
923 924 84
924 925 21
925 926 92
926 927 1
927 928 21
928 929 92
929 930 46
930 931 71
931 932 69
932 933 22
933 934 13
934 935 97
935 936 72
936 937 72
937 938 98
938 939 94
939 940 23
940 941 13
941 942 37
942 943 69
943 944 40
944 945 31
945 946 33
946 947 60
947 948 70
948 949 55
949 950 56
950 951 93
951 952 57
952 953 57
953 954 82
954 955 11
955 956 45
956 957 78
957 958 87
958 959 73
959 960 21
960 961 70
961 962 93
962 963 4
963 964 35
964 965 60
965 966 64
966 967 78
967 968 67
968 969 72
969 970 24
970 971 18
971 972 31
972 973 7
973 974 24
974 975 48
975 976 24
976 977 27
977 978 47
978 979 79
979 980 4
980 981 58
981 982 82
982 983 9
983 984 17
984 985 86
985 986 62
986 987 29
987 988 95
988 989 6
989 990 24
990 991 29
991 992 66
992 993 49
993 994 77
994 995 62
995 996 44
996 997 32
997 998 13
998 999 16
74 701 87
584 998 81
224 686 42
465 897 19
861 896 78
221 371 28
824 897 58
93 977 60
557 136 27
237 433 64
494 349 68
960 878 31
480 762 55
934 301 57
961 756 42
69 528 56
759 90 56
730 942 67
894 911 23
195 352 20
137 4 56
330 142 49
326 134 54
77 202 38
759 20 35
897 667 23
908 998 100
670 732 53
714 591 57
768 989 52
755 842 17
531 266 100
477 516 33
4 830 37
98 220 22
130 513 71
742 924 68
850 927 19
954 60 33
867 722 20
895 430 50
698 988 23
751 934 60
322 788 25
624 0 90
816 137 76
188 480 63
465 73 18
143 442 38
250 729 9
415 296 90
273 696 62
867 411 98
16 929 33
767 503 34
953 422 70
513 345 81
611 902 90
289 881 50
665 649 85
213 903 26
351 742 73
871 767 2
640 79 75
18 403 81
79 232 98
844 185 91
526 856 5
123 252 20
351 530 4
980 368 26
381 786 80
499 76 77
57 868 56
588 710 98
807 900 75
589 428 45
759 763 11
547 179 68
42 938 56
306 270 72
812 580 20
961 833 29
413 967 17
705 805 64
81 444 1
806 835 7
434 17 8
741 939 48
339 728 55
333 692 69
810 620 43
378 812 4
273 285 19
607 936 3
315 665 83
84 486 8
290 145 98
487 74 74
256 615 60
518 294 24
170 124 49
462 122 62
52 547 38
878 773 44
446 909 5
19 589 89
221 753 94
442 890 6
296 458 45
503 253 32
302 213 36
218 647 41
677 752 55
144 457 16
515 432 61
691 317 37
913 711 47
377 332 82
291 270 25
202 146 44
97 119 27
323 788 15
550 889 8
148 953 85
63 859 96
62 837 69
768 242 22
567 887 39
720 98 76
883 418 37
619 210 91
360 885 32
847 508 70
664 729 37
536 77 68
359 406 70
202 692 94
179 149 86
362 359 51
954 452 13
530 849 5
301 157 51
195 532 91
299 225 43
344 671 71
84 309 52
318 89 58
7 661 9
208 0 25
681 921 83
114 303 86
484 963 43
982 125 55
120 763 46
364 559 29
955 84 13
56 920 14
530 667 17
628 870 44
466 145 35
144 481 49
248 184 45
567 8 90
88 28 43
804 480 63
509 271 92
615 147 8
176 676 26
693 58 76
138 381 33
971 61 7
303 306 14
188 808 70
917 7 50
572 100 64
516 849 68
935 431 20
546 253 88
472 737 100
294 210 15
51 665 95
665 282 8
159 719 55
622 376 93
78 401 76
206 659 29
310 931 93
380 404 93
398 734 95
400 243 17
890 606 43
37 147 94
81 557 84
171 755 5
350 344 6
54 440 4
452 806 94
795 686 30
300 638 77
479 356 99
301 80 60
494 848 76
395 102 48
215 650 68
790 132 81
125 18 14
718 171 71
323 882 98
575 19 70
135 583 42
188 836 61
504 865 100
421 155 90
78 298 57
875 27 99
245 477 66
344 70 39
869 17 40
788 698 97
113 578 50
861 809 9
260 331 22
563 214 7
171 442 76
511 167 41
647 442 70
23 699 54
178 184 44
892 401 69
957 802 53
51 505 50
781 370 27
103 183 19
197 264 83
75 627 58
984 927 13
99 999 53
182 315 11
106 705 55
157 141 45
474 719 17
933 943 36
439 487 20
766 641 62
160 841 5
702 516 85
701 146 29
152 543 17
85 369 11
892 303 64
975 170 49
728 828 83
286 240 26
307 475 64
775 470 62
937 342 18
848 473 89
127 314 20
739 271 10
691 921 43
278 49 27
985 607 29
123 108 22
114 946 24
733 33 94
655 743 23
504 980 85
563 474 98
964 425 67
126 240 62
859 268 6
956 950 80
200 953 34
381 94 50
847 488 32
576 155 26
340 663 31
693 800 18
656 706 77
634 167 72
311 508 66
318 358 53
626 660 57
431 648 65
299 334 93
76 91 77
493 294 17
628 77 83
871 234 40
164 331 49
839 959 78
869 528 64
935 28 60
250 873 73
438 233 77
391 920 2
793 819 26
115 421 95
802 972 77
620 191 10
761 928 88
33 524 100
858 755 51
816 114 26
856 207 15
702 855 71
400 174 31
490 38 70
532 761 25
807 815 35
332 516 78
603 967 44
141 802 70
749 387 94
77 981 97
308 841 71
561 68 59
519 268 90
16 513 64
505 967 48
449 926 62
759 60 94
647 578 63
296 465 62
401 373 87
71 238 90
251 747 45
180 316 70
788 21 63
781 701 34
644 864 5
772 850 20
249 266 1
352 174 88
19 909 14
401 358 60
957 79 65
893 211 10
432 972 71
711 836 74
607 522 81
756 479 33
473 518 33
307 345 37
325 439 12
839 551 35
364 323 11
510 490 8
624 825 86
459 229 51
352 537 55
690 999 77
133 925 24
238 361 12
683 111 48
330 979 63
537 801 28
13 422 93
430 228 3
757 172 65
368 344 31
248 689 10
949 443 29
551 506 50
979 474 1
356 476 39
578 33 86
916 177 76
498 261 26
17 845 6
766 501 33
132 915 17
915 784 15
819 647 27
338 420 37
441 891 18
48 762 76
328 481 54
641 626 47
451 62 76
156 944 70
694 586 69
253 863 54
738 71 55
542 698 80
700 73 98
435 674 65
746 736 35
914 461 93
469 741 8
583 114 43
799 837 30
187 609 62
883 294 40
452 181 12
252 784 15
88 386 71
817 308 16
678 119 78
208 39 27
199 53 52
51 412 60
88 215 91
827 547 37
835 545 5
161 170 76
303 961 64
284 934 76
602 307 63
653 773 11
89 361 11
732 217 65
573 338 34
508 750 5
475 95 96
92 167 80
668 989 40
872 832 2
588 19 27
636 354 42
20 738 99
187 30 17
941 299 67
284 752 22
296 29 29
991 968 35
489 594 53
329 976 13
411 346 83
717 462 51
769 469 94
563 901 25
75 645 60
553 681 98
865 603 70
394 754 85
915 521 88
76 159 31
495 649 81
956 643 96
609 138 76
764 575 31
709 179 80
455 853 39
682 451 85
517 875 14
469 106 89
948 488 12
190 848 6
812 220 40
979 834 75
350 703 13
676 983 82
556 592 48
358 355 19
791 578 16
311 685 4
372 697 30
292 33 86
218 397 93
70 163 27
340 537 23
855 934 98
211 242 65
810 695 20
984 616 13
170 622 92
836 593 88
874 309 74
473 517 96
362 605 45
859 217 93
579 213 22
572 885 91
17 468 87
230 724 65
769 864 43
525 646 28
943 3 32
859 617 14
855 812 18
696 703 68
878 500 1
672 204 11
973 405 49
179 484 74
713 96 32
157 673 93
127 156 82
500 897 72
991 774 16
441 526 5
77 525 15
436 854 15
248 174 14
568 556 62
97 9 32
394 95 98
359 490 55
302 203 8
