1000
1500
0 1 46
1 2 9
2 3 56
3 4 71
4 5 59
5 6 74
6 7 44
7 8 33
8 9 66
9 10 50
10 11 51
11 12 79
12 13 6
13 14 54
14 15 85
15 16 4
16 17 14
17 18 1
18 19 34
19 20 62
20 21 93
21 22 70
22 23 2
23 24 41
24 25 73
25 26 55
26 27 30
27 28 31
28 29 67
29 30 66
30 31 46
31 32 57
32 33 31
33 34 5
34 35 72
35 36 48
36 37 92
37 38 89
38 39 46
39 40 77
40 41 44
41 42 72
42 43 74
43 44 98
44 45 26
45 46 31
46 47 94
47 48 5
48 49 17
49 50 43
50 51 13
51 52 47
52 53 75
53 54 50
54 55 66
55 56 70
56 57 33
57 58 13
58 59 84
59 60 30
60 61 90
61 62 43
62 63 28
63 64 61
64 65 96
65 66 15
66 67 99
67 68 54
68 69 78
69 70 46
70 71 87
71 72 37
72 73 99
73 74 31
74 75 72
75 76 34
76 77 46
77 78 69
78 79 73
79 80 6
80 81 62
81 82 40
82 83 73
83 84 100
84 85 51
85 86 34
86 87 94
87 88 67
88 89 29
89 90 78
90 91 15
91 92 81
92 93 27
93 94 49
94 95 63
95 96 33
96 97 78
97 98 72
98 99 20
99 100 57
100 101 2
101 102 22
102 103 71
103 104 81
104 105 98
105 106 11
106 107 10
107 108 35
108 109 66
109 110 80
110 111 70
111 112 61
112 113 56
113 114 47
114 115 98
115 116 5
116 117 78
117 118 34
118 119 83
119 120 78
120 121 67
121 122 87
122 123 61
123 124 91
124 125 82
125 126 41
126 127 3
127 128 74
128 129 32
129 130 28
130 131 45
131 132 56
132 133 89
133 134 24
134 135 23
135 136 61
136 137 26
137 138 17
138 139 13
139 140 18
140 141 94
141 142 73
142 143 45
143 144 68
144 145 51
145 146 14
146 147 35
147 148 57
148 149 1
149 150 84
150 151 16
151 152 54
152 153 9
153 154 48
154 155 3
155 156 34
156 157 6
157 158 18
158 159 24
159 160 95
160 161 66
161 162 63
162 163 26
163 164 99
164 165 64
165 166 68
166 167 59
167 168 73
168 169 73
169 170 2
170 171 89
171 172 10
172 173 23
173 174 20
174 175 70
175 176 44
176 177 82
177 178 6
178 179 80
179 180 31
180 181 92
181 182 8
182 183 49
183 184 16
184 185 3
185 186 12
186 187 39
187 188 7
188 189 71
189 190 40
190 191 31
191 192 79
192 193 94
193 194 69
194 195 20
195 196 71
196 197 75
197 198 98
198 199 35
199 200 80
200 201 74
201 202 11
202 203 73
203 204 63
204 205 44
205 206 72
206 207 7
207 208 15
208 209 53
209 210 54
210 211 46
211 212 39
212 213 73
213 214 98
214 215 63
215 216 77
216 217 18
217 218 9
218 219 66
219 220 15
220 221 60
221 222 84
222 223 59
223 224 3
224 225 56
225 226 73
226 227 67
227 228 98
228 229 9
229 230 37
230 231 91
231 232 63
232 233 65
233 234 15
234 235 97
235 236 32
236 237 46
237 238 43
238 239 22
239 240 60
240 241 3
241 242 76
242 243 13
243 244 86
244 245 59
245 246 59
246 247 36
247 248 82
248 249 70
249 250 88
250 251 89
251 252 89
252 253 4
253 254 72
254 255 25
255 256 87
256 257 37
257 258 6
258 259 99
259 260 34
260 261 70
261 262 62
262 263 50
263 264 9
264 265 93
265 266 14
266 267 67
267 268 91
268 269 76
269 270 77
270 271 62
271 272 69
272 273 96
273 274 47
274 275 75
275 276 40
276 277 53
277 278 99
278 279 88
279 280 27
280 281 94
281 282 81
282 283 12
283 284 14
284 285 66
285 286 40
286 287 52
287 288 43
288 289 69
289 290 47
290 291 14
291 292 12
292 293 80
293 294 96
294 295 55
295 296 47
296 297 7
297 298 45
298 299 75
299 300 8
300 301 51
301 302 82
302 303 35
303 304 33
304 305 27
305 306 38
306 307 27
307 308 60
308 309 85
309 310 39
310 311 57
311 312 100
312 313 57
313 314 41
314 315 87
315 316 8
316 317 20
317 318 75
318 319 62
319 320 1
320 321 4
321 322 55
322 323 59
323 324 67
324 325 57
325 326 79
326 327 33
327 328 38
328 329 14
329 330 39
330 331 16
331 332 22
332 333 55
333 334 44
334 335 64
335 336 55
336 337 31
337 338 65
338 339 73
339 340 66
340 341 34
341 342 41
342 343 72
343 344 3
344 345 78
345 346 87
346 347 49
347 348 77
348 349 76
349 350 90
350 351 77
351 352 89
352 353 80
353 354 60
354 355 79
355 356 72
356 357 23
357 358 88
358 359 90
359 360 49
360 361 6
361 362 24
362 363 79
363 364 24
364 365 80
365 366 10
366 367 63
367 368 53
368 369 8
369 370 29
370 371 60
371 372 23
372 373 77
373 374 51
374 375 1
375 376 80
376 377 18
377 378 96
378 379 10
379 380 72
380 381 50
381 382 1
382 383 50
383 384 64
384 385 95
385 386 59
386 387 81
387 388 48
388 389 94
389 390 16
390 391 66
391 392 52
392 393 14
393 394 12
394 395 54
395 396 53
396 397 71
397 398 14
398 399 80
399 400 23
400 401 86
401 402 64
402 403 61
403 404 57
404 405 77
405 406 12
406 407 51
407 408 68
408 409 65
409 410 42
410 411 56
411 412 96
412 413 26
413 414 41
414 415 51
415 416 10
416 417 17
417 418 92
418 419 63
419 420 43
420 421 84
421 422 84
422 423 14
423 424 33
424 425 63
425 426 12
426 427 46
427 428 4
428 429 51
429 430 80
430 431 11
431 432 77
432 433 29
433 434 67
434 435 83
435 436 27
436 437 65
437 438 33
438 439 92
439 440 98
440 441 40
441 442 65
442 443 78
443 444 15
444 445 72
445 446 8
446 447 37
447 448 93
448 449 23
449 450 63
450 451 90
451 452 31
452 453 52
453 454 79
454 455 61
455 456 1
456 457 76
457 458 52
458 459 78
459 460 31
460 461 81
461 462 71
462 463 48
463 464 14
464 465 44
465 466 9
466 467 21
467 468 76
468 469 14
469 470 31
470 471 24
471 472 11
472 473 19
473 474 66
474 475 22
475 476 93
476 477 22
477 478 10
478 479 12
479 480 17
480 481 76
481 482 51
482 483 45
483 484 16
484 485 54
485 486 38
486 487 71
487 488 82
488 489 29
489 490 87
490 491 45
491 492 99
492 493 12
493 494 83
494 495 41
495 496 14
496 497 5
497 498 26
498 499 72
499 500 18
500 501 43
501 502 12
502 503 41
503 504 99
504 505 92
505 506 85
506 507 55
507 508 65
508 509 70
509 510 74
510 511 97
511 512 99
512 513 88
513 514 46
514 515 67
515 516 67
516 517 55
517 518 82
518 519 57
519 520 56
520 521 87
521 522 53
522 523 94
523 524 63
524 525 3
525 526 25
526 527 42
527 528 7
528 529 77
529 530 55
530 531 13
531 532 57
532 533 99
533 534 75
534 535 16
535 536 13
536 537 43
537 538 56
538 539 95
539 540 8
540 541 43
541 542 97
542 543 24
543 544 86
544 545 53
545 546 61
546 547 95
547 548 67
548 549 61
549 550 89
550 551 67
551 552 16
552 553 30
553 554 26
554 555 81
555 556 4
556 557 70
557 558 64
558 559 42
559 560 19
560 561 87
561 562 21
562 563 100
563 564 38
564 565 10
565 566 7
566 567 96
567 568 78
568 569 39
569 570 6
570 571 83
571 572 80
572 573 86
573 574 1
574 575 33
575 576 45
576 577 25
577 578 72
578 579 28
579 580 48
580 581 48
581 582 18
582 583 26
583 584 58
584 585 79
585 586 5
586 587 95
587 588 39
588 589 78
589 590 86
590 591 39
591 592 54
592 593 15
593 594 55
594 595 54
595 596 45
596 597 97
597 598 64
598 599 33
599 600 6
600 601 93
601 602 73
602 603 93
603 604 89
604 605 63
605 606 30
606 607 35
607 608 52
608 609 8
609 610 4
610 611 51
611 612 25
612 613 99
613 614 54
614 615 47
615 616 67
616 617 12
617 618 45
618 619 93
619 620 80
620 621 81
621 622 44
622 623 57
623 624 9
624 625 9
625 626 61
626 627 35
627 628 9
628 629 21
629 630 27
630 631 30
631 632 55
632 633 61
633 634 26
634 635 38
635 636 1
636 637 15
637 638 78
638 639 73
639 640 2
640 641 33
641 642 69
642 643 28
643 644 69
644 645 48
645 646 61
646 647 28
647 648 43
648 649 52
649 650 5
650 651 87
651 652 83
652 653 76
653 654 54
654 655 42
655 656 69
656 657 45
657 658 1
658 659 14
659 660 3
660 661 40
661 662 7
662 663 78
663 664 28
664 665 68
665 666 79
666 667 1
667 668 5
668 669 71
669 670 76
670 671 7
671 672 50
672 673 98
673 674 60
674 675 25
675 676 12
676 677 36
677 678 87
678 679 82
679 680 51
680 681 66
681 682 45
682 683 5
683 684 9
684 685 39
685 686 77
686 687 92
687 688 40
688 689 7
689 690 79
690 691 57
691 692 60
692 693 53
693 694 94
694 695 93
695 696 43
696 697 93
697 698 12
698 699 33
699 700 54
700 701 48
701 702 13
702 703 91
703 704 49
704 705 49
705 706 23
706 707 38
707 708 4
708 709 4
709 710 74
710 711 87
711 712 74
712 713 25
713 714 17
714 715 72
715 716 29
716 717 12
717 718 1
718 719 55
719 720 55
720 721 54
721 722 91
722 723 55
723 724 75
724 725 94
725 726 17
726 727 20
727 728 99
728 729 93
729 730 95
730 731 95
731 732 49
732 733 69
733 734 83
734 735 59
735 736 34
736 737 82
737 738 83
738 739 19
739 740 10
740 741 6
741 742 76
742 743 31
743 744 94
744 745 76
745 746 17
746 747 10
747 748 3
748 749 18
749 750 16
750 751 67
751 752 100
752 753 17
753 754 79
754 755 38
755 756 73
756 757 78
757 758 54
758 759 71
759 760 96
760 761 63
761 762 79
762 763 75
763 764 4
764 765 22
765 766 77
766 767 70
767 768 75
768 769 82
769 770 93
770 771 19
771 772 30
772 773 16
773 774 20
774 775 37
775 776 79
776 777 62
777 778 84
778 779 63
779 780 59
780 781 78
781 782 40
782 783 53
783 784 97
784 785 58
785 786 78
786 787 24
787 788 2
788 789 55
789 790 63
790 791 63
791 792 94
792 793 53
793 794 44
794 795 48
795 796 72
796 797 39
797 798 40
798 799 51
799 800 49
800 801 5
801 802 80
802 803 98
803 804 68
804 805 35
805 806 19
806 807 60
807 808 51
808 809 13
809 810 99
810 811 85
811 812 14
812 813 76
813 814 5
814 815 48
815 816 82
816 817 44
817 818 85
818 819 87
819 820 74
820 821 97
821 822 19
822 823 1
823 824 34
824 825 45
825 826 21
826 827 80
827 828 6
828 829 53
829 830 62
830 831 92
831 832 42
832 833 19
833 834 35
834 835 33
835 836 43
836 837 53
837 838 85
838 839 15
839 840 27
840 841 86
841 842 23
842 843 80
843 844 30
844 845 37
845 846 86
846 847 32
847 848 59
848 849 90
849 850 99
850 851 68
851 852 44
852 853 20
853 854 68
854 855 47
855 856 15
856 857 19
857 858 23
858 859 73
859 860 30
860 861 70
861 862 74
862 863 68
863 864 100
864 865 42
865 866 82
866 867 82
867 868 70
868 869 27
869 870 82
870 871 32
871 872 6
872 873 47
873 874 49
874 875 97
875 876 23
876 877 63
877 878 78
878 879 94
879 880 93
880 881 22
881 882 25
882 883 52
883 884 94
884 885 86
885 886 7
886 887 61
887 888 42
888 889 71
889 890 70
890 891 10
891 892 34
892 893 13
893 894 18
894 895 86
895 896 66
896 897 96
897 898 75
898 899 86
899 900 27
900 901 36
901 902 77
902 903 50
903 904 15
904 905 33
905 906 71
906 907 46
907 908 16
908 909 49
909 910 48
910 911 84
911 912 69
912 913 29
913 914 38
914 915 33
915 916 78
916 917 87
917 918 90
918 919 84
919 920 42
920 921 73
921 922 5
922 923 98
923 924 80
924 925 27
925 926 38
926 927 58
927 928 99
928 929 42
929 930 97
930 931 15
931 932 19
932 933 76
933 934 24
934 935 34
935 936 44
936 937 36
937 938 13
938 939 38
939 940 27
940 941 5
941 942 98
942 943 35
943 944 79
944 945 84
945 946 28
946 947 26
947 948 88
948 949 64
949 950 64
950 951 10
951 952 49
952 953 84
953 954 3
954 955 84
955 956 99
956 957 76
957 958 20
958 959 14
959 960 54
960 961 39
961 962 29
962 963 53
963 964 97
964 965 25
965 966 12
966 967 28
967 968 83
968 969 82
969 970 86
970 971 29
971 972 71
972 973 12
973 974 72
974 975 54
975 976 40
976 977 41
977 978 48
978 979 16
979 980 12
980 981 89
981 982 41
982 983 59
983 984 28
984 985 99
985 986 16
986 987 84
987 988 12
988 989 69
989 990 86
990 991 44
991 992 98
992 993 73
993 994 89
994 995 62
995 996 29
996 997 8
997 998 41
998 999 40
810 748 95
683 809 49
271 784 76
60 77 33
468 516 29
525 523 63
290 326 56
528 254 79
696 872 90
657 900 43
584 649 27
891 585 23
193 245 97
42 30 89
622 871 66
880 920 78
266 753 78
301 918 26
351 606 78
645 903 72
344 516 23
765 794 42
381 189 21
676 744 64
77 36 51
475 952 89
460 301 80
96 809 82
712 504 81
879 991 35
341 289 89
222 839 90
870 829 55
77 261 79
391 331 59
298 164 31
186 371 30
945 316 5
221 706 74
485 25 46
9 645 37
280 566 54
775 542 31
54 840 11
738 133 94
412 453 24
253 47 52
688 463 69
536 102 72
27 557 58
553 497 76
165 162 97
972 244 36
687 326 25
570 987 87
872 504 66
820 760 36
470 261 44
537 119 29
779 997 33
803 971 29
33 800 18
250 705 95
901 947 92
957 458 95
731 890 100
86 331 94
560 755 83
671 986 28
331 980 81
96 811 34
530 160 36
369 142 96
168 80 24
832 57 99
521 183 78
662 829 72
626 628 14
292 42 42
189 88 58
282 101 39
200 606 97
771 506 80
958 739 19
790 977 18
249 728 69
869 246 78
319 263 87
757 919 59
829 26 40
937 193 96
935 26 56
178 275 90
498 193 58
13 378 82
253 411 65
183 805 23
183 617 7
220 322 79
412 671 39
750 274 81
95 310 30
44 574 61
951 921 40
241 302 59
183 181 71
310 810 59
296 298 79
759 53 40
930 38 85
886 70 79
613 409 73
518 435 19
387 393 85
555 229 68
573 423 89
455 552 24
258 410 42
936 343 16
387 445 18
91 752 56
255 241 1
263 555 4
820 345 51
880 544 39
730 202 33
69 694 7
248 178 79
361 354 11
700 511 34
287 787 77
376 209 7
844 266 63
238 680 14
540 858 40
189 406 36
758 605 92
206 540 36
778 164 21
327 156 36
493 101 37
710 267 20
400 690 29
227 820 97
808 182 12
941 297 67
149 996 60
796 302 5
967 109 88
568 985 29
212 108 26
511 392 39
733 261 2
877 343 47
430 99 12
985 337 34
546 854 30
594 964 93
706 924 18
251 689 64
564 714 81
205 790 5
758 171 4
583 890 41
233 702 47
864 234 32
500 379 26
844 884 55
190 474 77
629 999 29
36 788 53
477 954 30
433 935 99
18 432 80
524 982 9
502 198 51
192 741 1
245 504 67
12 856 71
959 302 62
321 313 79
716 680 67
726 709 96
641 516 49
639 227 87
55 222 28
780 503 76
451 510 52
556 411 18
428 365 2
713 536 44
558 761 14
783 624 47
857 522 50
268 156 7
220 54 73
268 704 34
180 383 79
382 236 74
592 978 71
831 886 18
241 108 18
368 880 7
148 750 23
399 788 99
710 680 35
534 64 80
749 545 20
962 920 31
999 329 59
876 530 95
726 268 13
359 781 33
9 646 71
285 546 35
476 537 79
478 900 20
372 138 86
878 212 3
100 55 50
505 210 85
690 541 87
589 161 81
717 376 8
571 761 24
899 563 31
493 997 100
490 437 8
719 509 89
719 892 89
793 890 30
524 589 42
522 225 50
759 467 18
655 173 22
899 202 43
1 606 67
753 204 71
869 458 21
298 534 83
444 670 61
567 446 88
21 170 75
438 408 5
570 50 8
620 706 14
212 493 25
817 564 5
808 546 99
123 16 43
264 491 36
100 932 97
756 675 15
367 494 2
285 585 59
897 941 58
190 126 34
377 477 7
503 708 5
436 656 11
705 917 98
715 215 48
200 235 93
599 146 27
507 526 96
109 297 99
620 653 95
701 553 98
881 101 63
198 38 20
753 518 97
264 151 36
381 150 43
935 882 86
854 933 69
379 920 17
926 146 55
416 584 41
694 184 78
836 795 49
19 934 14
434 763 22
698 941 9
103 132 14
811 78 28
29 185 50
98 65 72
493 766 3
125 176 43
685 751 17
718 134 36
229 142 7
397 162 54
826 567 4
74 937 32
692 712 65
436 520 81
613 64 100
954 362 32
365 272 25
45 312 6
181 930 8
536 318 40
447 734 44
901 940 7
376 761 84
615 257 82
969 187 67
800 811 81
167 195 80
24 545 97
809 476 30
807 265 54
491 5 97
671 53 44
632 416 12
77 636 44
213 265 44
709 123 80
155 609 58
914 961 49
595 344 26
263 945 36
688 468 32
493 181 74
419 397 26
36 331 6
872 240 9
119 280 31
979 493 57
773 981 18
634 98 90
8 600 43
290 985 73
41 985 34
383 832 48
373 161 12
766 263 12
995 494 69
518 478 86
348 619 50
166 943 38
123 456 55
598 692 34
255 738 31
978 827 98
47 160 5
783 944 40
662 843 54
506 253 28
952 57 89
278 814 75
849 595 28
527 39 42
280 136 54
122 118 30
543 929 23
713 743 79
770 185 78
113 400 42
274 7 89
816 903 89
512 547 35
737 181 66
879 8 81
527 602 40
889 587 39
687 419 74
597 383 43
250 288 28
697 939 89
344 413 90
380 701 95
849 216 18
780 363 66
29 475 19
559 360 51
91 88 10
568 429 65
877 157 86
189 834 22
463 70 28
984 375 87
392 197 64
717 72 81
570 508 26
57 20 42
575 199 49
12 141 72
686 402 48
237 111 32
204 395 33
603 472 94
800 879 51
431 993 62
35 169 20
198 363 77
797 739 69
897 359 19
710 48 83
849 37 17
648 188 23
51 12 90
365 932 27
904 23 65
895 136 4
748 351 96
259 309 54
868 831 96
845 146 58
817 741 57
165 679 21
543 889 55
13 131 24
503 917 17
916 427 48
25 8 75
469 208 39
849 171 36
528 741 99
313 672 79
425 188 42
927 103 75
376 899 71
674 786 29
740 933 27
630 468 57
894 191 29
811 668 36
24 844 98
646 98 51
49 373 73
648 62 57
39 108 33
349 674 28
376 874 2
354 227 28
200 189 44
240 397 8
680 118 17
814 624 66
635 968 54
334 372 58
497 472 64
607 173 98
37 427 76
898 519 70
475 330 48
443 174 67
664 931 71
547 234 64
421 794 96
47 359 39
639 252 61
250 822 27
94 510 85
386 594 28
509 24 42
254 198 43
747 600 67
849 870 29
17 404 91
871 41 66
596 342 72
555 335 45
648 523 59
809 639 5
591 609 24
772 96 27
64 949 33
590 272 49
600 804 86
28 823 13
533 520 99
703 372 93
906 427 34
796 988 46
943 273 89
149 509 100
854 560 86
648 130 79
821 626 69
155 941 40
289 987 6
620 445 47
558 773 79
397 721 80
783 583 81
807 689 57
940 564 80
738 0 34
290 491 33
789 575 94
672 861 50
162 200 51
419 731 82
885 479 8
909 300 64
98 535 81
819 307 92
374 850 67
