50
75
0 1 9
1 2 14
2 3 16
3 4 9
4 5 3
5 6 10
6 7 11
7 8 1
8 9 3
9 10 16
10 11 1
11 12 4
12 13 10
13 14 4
14 15 10
15 16 2
16 17 20
17 18 3
18 19 5
19 20 9
20 21 5
21 22 7
22 23 14
23 24 3
24 25 20
25 26 14
26 27 5
27 28 2
28 29 2
29 30 6
30 31 11
31 32 9
32 33 12
33 34 11
34 35 4
35 36 14
36 37 3
37 38 1
38 39 11
39 40 11
40 41 13
41 42 17
42 43 18
43 44 20
44 45 9
45 46 19
46 47 2
47 48 16
48 49 12
13 22 5
40 1 8
31 45 20
27 18 7
26 24 13
9 37 15
35 5 18
24 3 17
39 1 20
34 42 17
49 18 11
19 10 6
0 39 9
3 25 4
36 45 12
39 17 15
28 12 11
17 15 17
42 14 16
1 9 1
38 16 16
6 11 20
13 4 3
4 44 5
25 38 6
5 42 15
