50
75
0 1 4
1 2 1
2 3 9
3 4 8
4 5 8
5 6 5
6 7 4
7 8 18
8 9 3
9 10 19
10 11 14
11 12 2
12 13 1
13 14 3
14 15 7
15 16 8
16 17 17
17 18 20
18 19 1
19 20 18
20 21 7
21 22 18
22 23 14
23 24 8
24 25 15
25 26 19
26 27 9
27 28 1
28 29 6
29 30 14
30 31 11
31 32 9
32 33 5
33 34 7
34 35 11
35 36 4
36 37 3
37 38 13
38 39 4
39 40 12
40 41 12
41 42 20
42 43 9
43 44 2
44 45 15
45 46 18
46 47 4
47 48 13
48 49 3
35 18 20
23 36 7
45 4 2
42 14 10
5 14 4
24 17 15
40 23 6
13 42 9
41 4 20
40 10 18
46 15 6
29 24 9
40 44 18
14 43 11
3 14 2
20 25 9
4 13 19
45 20 7
41 31 13
41 29 5
16 8 8
47 35 18
16 47 19
27 37 13
23 14 5
5 48 2
