50
75
0 1 12
1 2 3
2 3 14
3 4 18
4 5 15
5 6 19
6 7 11
7 8 9
8 9 17
9 10 13
10 11 13
11 12 20
12 13 2
13 14 14
14 15 1
15 16 4
16 17 1
17 18 9
18 19 16
19 20 18
20 21 1
21 22 11
22 23 19
23 24 14
24 25 8
25 26 8
26 27 17
27 28 17
28 29 12
29 30 15
30 31 8
31 32 2
32 33 18
33 34 12
34 35 12
35 36 20
36 37 11
37 38 18
38 39 19
39 40 7
40 41 8
41 42 2
42 43 5
43 44 11
44 45 4
45 46 12
46 47 19
47 48 13
48 49 17
34 16 4
41 14 11
13 30 4
49 26 20
22 43 10
49 15 18
16 22 18
36 2 16
19 36 13
16 46 17
14 38 4
40 13 13
31 16 20
35 9 15
0 10 18
40 48 3
4 17 17
39 34 16
27 23 2
38 16 20
33 43 16
45 40 11
1 36 8
13 22 14
44 11 6
30 12 5
