1000
1500
0 1 71
1 2 41
2 3 17
3 4 72
4 5 92
5 6 69
6 7 39
7 8 65
8 9 25
9 10 92
10 11 98
11 12 56
12 13 22
13 14 20
14 15 85
15 16 14
16 17 64
17 18 84
18 19 29
19 20 28
20 21 98
21 22 66
22 23 72
23 24 66
24 25 20
25 26 61
26 27 28
27 28 4
28 29 10
29 30 55
30 31 9
31 32 17
32 33 64
33 34 87
34 35 21
35 36 17
36 37 8
37 38 90
38 39 71
39 40 38
40 41 44
41 42 90
42 43 44
43 44 13
44 45 31
45 46 35
46 47 34
47 48 83
48 49 2
49 50 74
50 51 37
51 52 81
52 53 18
53 54 46
54 55 84
55 56 56
56 57 23
57 58 26
58 59 52
59 60 78
60 61 36
61 62 4
62 63 47
63 64 13
64 65 37
65 66 74
66 67 38
67 68 76
68 69 64
69 70 90
70 71 15
71 72 100
72 73 15
73 74 29
74 75 19
75 76 43
76 77 61
77 78 69
78 79 85
79 80 41
80 81 56
81 82 15
82 83 100
83 84 2
84 85 48
85 86 55
86 87 54
87 88 41
88 89 1
89 90 75
90 91 88
91 92 82
92 93 52
93 94 61
94 95 55
95 96 78
96 97 34
97 98 20
98 99 99
99 100 48
100 101 25
101 102 60
102 103 73
103 104 92
104 105 29
105 106 82
106 107 74
107 108 22
108 109 29
109 110 20
110 111 21
111 112 36
112 113 84
113 114 75
114 115 94
115 116 89
116 117 56
117 118 73
118 119 68
119 120 71
120 121 51
121 122 74
122 123 55
123 124 99
124 125 84
125 126 92
126 127 2
127 128 59
128 129 68
129 130 38
130 131 6
131 132 82
132 133 13
133 134 4
134 135 4
135 136 95
136 137 1
137 138 88
138 139 83
139 140 43
140 141 48
141 142 12
142 143 83
143 144 77
144 145 58
145 146 66
146 147 57
147 148 13
148 149 58
149 150 75
150 151 12
151 152 62
152 153 21
153 154 28
154 155 100
155 156 10
156 157 88
157 158 78
158 159 91
159 160 26
160 161 32
161 162 46
162 163 5
163 164 51
164 165 69
165 166 55
166 167 5
167 168 35
168 169 79
169 170 3
170 171 96
171 172 41
172 173 51
173 174 86
174 175 55
175 176 12
176 177 89
177 178 30
178 179 60
179 180 41
180 181 99
181 182 16
182 183 84
183 184 7
184 185 9
185 186 25
186 187 17
187 188 27
188 189 75
189 190 14
190 191 18
191 192 31
192 193 34
193 194 42
194 195 25
195 196 17
196 197 73
197 198 82
198 199 55
199 200 100
200 201 6
201 202 10
202 203 73
203 204 76
204 205 12
205 206 50
206 207 65
207 208 2
208 209 95
209 210 36
210 211 81
211 212 79
212 213 20
213 214 16
214 215 17
215 216 12
216 217 13
217 218 98
218 219 49
219 220 69
220 221 99
221 222 65
222 223 59
223 224 74
224 225 87
225 226 43
226 227 60
227 228 52
228 229 85
229 230 39
230 231 38
231 232 62
232 233 25
233 234 17
234 235 2
235 236 85
236 237 59
237 238 54
238 239 29
239 240 75
240 241 40
241 242 16
242 243 26
243 244 5
244 245 24
245 246 52
246 247 13
247 248 43
248 249 52
249 250 5
250 251 46
251 252 69
252 253 93
253 254 79
254 255 22
255 256 28
256 257 86
257 258 44
258 259 71
259 260 19
260 261 68
261 262 98
262 263 72
263 264 25
264 265 88
265 266 6
266 267 7
267 268 57
268 269 19
269 270 80
270 271 64
271 272 48
272 273 14
273 274 7
274 275 29
275 276 3
276 277 9
277 278 8
278 279 100
279 280 20
280 281 29
281 282 50
282 283 13
283 284 6
284 285 58
285 286 64
286 287 92
287 288 95
288 289 22
289 290 15
290 291 14
291 292 87
292 293 39
293 294 10
294 295 84
295 296 98
296 297 71
297 298 29
298 299 54
299 300 33
300 301 45
301 302 88
302 303 10
303 304 74
304 305 72
305 306 33
306 307 23
307 308 31
308 309 92
309 310 43
310 311 54
311 312 52
312 313 76
313 314 70
314 315 70
315 316 94
316 317 43
317 318 46
318 319 45
319 320 27
320 321 79
321 322 22
322 323 99
323 324 63
324 325 65
325 326 11
326 327 29
327 328 96
328 329 77
329 330 23
330 331 88
331 332 87
332 333 40
333 334 55
334 335 10
335 336 31
336 337 33
337 338 73
338 339 62
339 340 55
340 341 82
341 342 91
342 343 67
343 344 33
344 345 59
345 346 11
346 347 52
347 348 15
348 349 39
349 350 77
350 351 36
351 352 8
352 353 49
353 354 93
354 355 46
355 356 53
356 357 23
357 358 35
358 359 90
359 360 42
360 361 88
361 362 81
362 363 84
363 364 23
364 365 70
365 366 50
366 367 10
367 368 93
368 369 8
369 370 70
370 371 83
371 372 1
372 373 14
373 374 93
374 375 43
375 376 54
376 377 66
377 378 20
378 379 31
379 380 40
380 381 38
381 382 54
382 383 21
383 384 37
384 385 86
385 386 99
386 387 23
387 388 41
388 389 44
389 390 61
390 391 9
391 392 56
392 393 6
393 394 77
394 395 31
395 396 70
396 397 84
397 398 2
398 399 60
399 400 44
400 401 70
401 402 89
402 403 77
403 404 79
404 405 37
405 406 90
406 407 55
407 408 94
408 409 45
409 410 48
410 411 21
411 412 70
412 413 8
413 414 59
414 415 56
415 416 76
416 417 86
417 418 30
418 419 51
419 420 12
420 421 6
421 422 60
422 423 17
423 424 39
424 425 29
425 426 28
426 427 4
427 428 49
428 429 37
429 430 54
430 431 9
431 432 64
432 433 77
433 434 95
434 435 92
435 436 4
436 437 48
437 438 11
438 439 22
439 440 23
440 441 97
441 442 51
442 443 13
443 444 76
444 445 4
445 446 48
446 447 14
447 448 78
448 449 30
449 450 63
450 451 98
451 452 13
452 453 61
453 454 36
454 455 9
455 456 5
456 457 64
457 458 65
458 459 27
459 460 59
460 461 67
461 462 96
462 463 13
463 464 42
464 465 63
465 466 91
466 467 53
467 468 79
468 469 60
469 470 14
470 471 19
471 472 16
472 473 96
473 474 61
474 475 20
475 476 89
476 477 41
477 478 62
478 479 1
479 480 15
480 481 57
481 482 3
482 483 97
483 484 90
484 485 84
485 486 25
486 487 73
487 488 16
488 489 83
489 490 33
490 491 59
491 492 78
492 493 11
493 494 78
494 495 96
495 496 61
496 497 12
497 498 32
498 499 31
499 500 35
500 501 36
501 502 31
502 503 68
503 504 70
504 505 46
505 506 17
506 507 57
507 508 1
508 509 4
509 510 80
510 511 13
511 512 16
512 513 86
513 514 11
514 515 76
515 516 71
516 517 80
517 518 48
518 519 58
519 520 88
520 521 67
521 522 27
522 523 7
523 524 21
524 525 9
525 526 37
526 527 93
527 528 43
528 529 83
529 530 56
530 531 21
531 532 1
532 533 16
533 534 96
534 535 21
535 536 7
536 537 2
537 538 75
538 539 32
539 540 53
540 541 94
541 542 54
542 543 28
543 544 5
544 545 62
545 546 26
546 547 15
547 548 4
548 549 99
549 550 55
550 551 76
551 552 18
552 553 81
553 554 29
554 555 57
555 556 71
556 557 97
557 558 82
558 559 47
559 560 78
560 561 91
561 562 72
562 563 95
563 564 89
564 565 86
565 566 26
566 567 51
567 568 47
568 569 50
569 570 80
570 571 91
571 572 14
572 573 80
573 574 16
574 575 72
575 576 74
576 577 96
577 578 12
578 579 63
579 580 75
580 581 76
581 582 43
582 583 82
583 584 83
584 585 80
585 586 87
586 587 72
587 588 16
588 589 38
589 590 40
590 591 97
591 592 86
592 593 94
593 594 32
594 595 51
595 596 39
596 597 45
597 598 2
598 599 69
599 600 54
600 601 94
601 602 24
602 603 68
603 604 51
604 605 56
605 606 50
606 607 84
607 608 92
608 609 88
609 610 30
610 611 34
611 612 27
612 613 37
613 614 86
614 615 96
615 616 95
616 617 37
617 618 81
618 619 100
619 620 36
620 621 51
621 622 83
622 623 85
623 624 48
624 625 85
625 626 6
626 627 96
627 628 59
628 629 43
629 630 60
630 631 12
631 632 48
632 633 27
633 634 52
634 635 50
635 636 73
636 637 20
637 638 30
638 639 24
639 640 45
640 641 41
641 642 68
642 643 50
643 644 45
644 645 72
645 646 9
646 647 86
647 648 20
648 649 13
649 650 41
650 651 67
651 652 31
652 653 4
653 654 39
654 655 30
655 656 50
656 657 23
657 658 20
658 659 13
659 660 94
660 661 99
661 662 11
662 663 29
663 664 7
664 665 51
665 666 86
666 667 40
667 668 32
668 669 17
669 670 3
670 671 77
671 672 99
672 673 59
673 674 72
674 675 13
675 676 69
676 677 39
677 678 15
678 679 31
679 680 5
680 681 92
681 682 95
682 683 82
683 684 87
684 685 57
685 686 95
686 687 98
687 688 96
688 689 74
689 690 51
690 691 40
691 692 94
692 693 60
693 694 100
694 695 58
695 696 26
696 697 31
697 698 80
698 699 20
699 700 20
700 701 83
701 702 66
702 703 40
703 704 34
704 705 76
705 706 53
706 707 58
707 708 48
708 709 37
709 710 3
710 711 7
711 712 51
712 713 62
713 714 86
714 715 100
715 716 45
716 717 53
717 718 50
718 719 63
719 720 74
720 721 63
721 722 66
722 723 21
723 724 73
724 725 64
725 726 59
726 727 78
727 728 71
728 729 63
729 730 40
730 731 30
731 732 55
732 733 91
733 734 10
734 735 12
735 736 40
736 737 98
737 738 6
738 739 88
739 740 23
740 741 81
741 742 29
742 743 70
743 744 91
744 745 99
745 746 27
746 747 31
747 748 17
748 749 1
749 750 53
750 751 88
751 752 69
752 753 39
753 754 65
754 755 61
755 756 67
756 757 37
757 758 94
758 759 73
759 760 61
760 761 99
761 762 88
762 763 21
763 764 100
764 765 31
765 766 23
766 767 45
767 768 92
768 769 18
769 770 58
770 771 24
771 772 9
772 773 31
773 774 9
774 775 74
775 776 86
776 777 84
777 778 80
778 779 88
779 780 63
780 781 56
781 782 18
782 783 22
783 784 11
784 785 23
785 786 71
786 787 77
787 788 44
788 789 76
789 790 86
790 791 63
791 792 7
792 793 20
793 794 80
794 795 63
795 796 83
796 797 56
797 798 70
798 799 35
799 800 36
800 801 75
801 802 77
802 803 6
803 804 53
804 805 12
805 806 99
806 807 58
807 808 82
808 809 38
809 810 19
810 811 34
811 812 55
812 813 45
813 814 21
814 815 45
815 816 25
816 817 80
817 818 73
818 819 90
819 820 35
820 821 32
821 822 83
822 823 10
823 824 32
824 825 8
825 826 12
826 827 92
827 828 7
828 829 55
829 830 77
830 831 15
831 832 14
832 833 26
833 834 99
834 835 43
835 836 97
836 837 83
837 838 41
838 839 45
839 840 83
840 841 100
841 842 56
842 843 60
843 844 51
844 845 37
845 846 30
846 847 13
847 848 21
848 849 62
849 850 39
850 851 52
851 852 58
852 853 18
853 854 41
854 855 67
855 856 19
856 857 88
857 858 17
858 859 86
859 860 65
860 861 66
861 862 90
862 863 60
863 864 32
864 865 40
865 866 9
866 867 18
867 868 42
868 869 24
869 870 75
870 871 7
871 872 90
872 873 64
873 874 98
874 875 29
875 876 47
876 877 69
877 878 51
878 879 65
879 880 18
880 881 40
881 882 14
882 883 55
883 884 20
884 885 15
885 886 95
886 887 28
887 888 55
888 889 27
889 890 39
890 891 73
891 892 77
892 893 64
893 894 20
894 895 76
895 896 29
896 897 12
897 898 14
898 899 9
899 900 18
900 901 30
901 902 93
902 903 67
903 904 78
904 905 48
905 906 50
906 907 28
907 908 25
908 909 85
909 910 57
910 911 34
911 912 76
912 913 25
913 914 29
914 915 64
915 916 38
916 917 82
917 918 47
918 919 7
919 920 74
920 921 89
921 922 25
922 923 51
923 924 65
924 925 41
925 926 15
926 927 93
927 928 53
928 929 8
929 930 75
930 931 56
931 932 65
932 933 29
933 934 47
934 935 97
935 936 6
936 937 6
937 938 61
938 939 1
939 940 32
940 941 71
941 942 70
942 943 76
943 944 76
944 945 7
945 946 83
946 947 93
947 948 72
948 949 30
949 950 98
950 951 93
951 952 48
952 953 10
953 954 3
954 955 59
955 956 48
956 957 6
957 958 69
958 959 7
959 960 57
960 961 12
961 962 41
962 963 8
963 964 11
964 965 99
965 966 38
966 967 44
967 968 14
968 969 61
969 970 25
970 971 14
971 972 84
972 973 93
973 974 9
974 975 70
975 976 60
976 977 78
977 978 92
978 979 29
979 980 51
980 981 92
981 982 42
982 983 48
983 984 94
984 985 23
985 986 7
986 987 13
987 988 67
988 989 16
989 990 52
990 991 13
991 992 57
992 993 27
993 994 17
994 995 72
995 996 52
996 997 2
997 998 100
998 999 61
513 866 82
731 421 65
445 655 28
361 61 26
223 614 17
7 981 13
68 633 96
966 756 6
990 155 2
550 82 48
836 240 4
603 93 82
853 34 45
952 803 11
212 226 59
377 408 51
774 897 48
916 709 58
155 785 5
918 281 81
575 890 100
182 761 7
760 914 100
445 930 74
485 793 85
543 804 41
865 55 27
477 97 45
78 291 15
576 949 70
56 569 73
234 495 50
556 440 49
132 575 52
661 572 46
795 908 76
266 590 34
393 706 39
89 785 6
465 667 90
788 569 100
950 434 34
204 648 61
197 373 8
767 154 89
357 51 8
991 927 52
989 96 33
237 155 54
586 75 52
120 355 68
579 208 94
707 48 21
438 173 57
654 149 77
48 739 94
935 576 80
263 372 53
290 327 23
838 942 3
357 163 78
787 791 71
563 591 67
143 351 61
44 56 68
944 149 41
381 215 28
326 859 41
23 647 40
863 144 14
567 658 46
188 46 94
933 88 76
756 295 85
617 485 50
25 973 64
332 113 62
332 2 40
583 558 62
361 378 62
344 628 92
631 377 55
380 780 4
609 617 66
910 452 82
883 106 25
745 338 51
209 493 75
11 942 89
236 937 34
811 258 2
44 232 86
315 48 94
888 952 96
67 287 14
562 350 97
764 165 32
173 822 13
573 843 69
15 275 98
276 338 62
266 712 3
613 887 39
86 587 3
463 383 28
90 293 39
178 563 56
701 900 90
388 344 72
743 584 62
375 709 58
983 702 28
365 225 44
30 235 92
399 971 77
160 465 91
916 457 26
127 926 4
315 869 56
506 672 15
358 434 79
523 318 28
819 508 35
466 68 60
143 168 11
540 530 22
934 171 38
883 41 57
405 568 96
147 981 94
840 109 46
723 605 35
713 979 44
321 503 26
511 570 37
178 962 17
887 201 25
81 399 48
576 807 21
939 425 26
470 761 21
569 877 68
22 250 9
739 570 73
446 442 62
236 568 36
862 177 55
343 246 92
126 670 39
143 582 44
145 493 37
823 265 96
103 621 79
352 111 63
933 588 58
494 210 78
817 573 75
892 697 75
285 243 70
501 77 62
123 845 58
27 904 10
597 365 93
287 276 14
625 298 25
880 750 26
213 423 5
962 890 24
892 228 43
183 422 45
264 908 73
587 57 72
889 71 28
704 997 100
605 133 29
480 648 7
694 184 75
495 114 73
562 344 24
904 850 60
24 725 36
692 426 40
887 705 46
864 79 55
32 725 91
973 818 17
754 106 97
134 36 96
607 708 5
459 928 85
368 319 67
305 385 39
991 487 97
478 189 84
921 846 78
951 525 59
648 280 75
840 518 63
440 494 8
354 131 7
155 686 33
504 372 58
353 774 76
448 936 80
679 7 75
108 558 24
353 440 45
173 543 46
7 583 3
497 163 85
631 303 100
554 13 46
543 382 18
284 195 64
458 118 84
428 275 39
906 506 17
35 852 78
954 609 78
450 1 42
444 434 9
791 674 3
652 806 47
292 796 76
914 844 38
442 149 85
333 186 85
795 914 93
627 255 96
176 445 46
47 792 15
332 449 5
201 884 43
330 163 75
913 636 94
928 104 30
834 944 22
778 355 80
750 240 74
84 87 40
297 74 33
466 746 20
802 777 93
454 503 29
188 326 4
821 912 23
394 768 82
489 123 54
113 715 57
680 910 28
468 315 36
10 770 23
345 284 55
345 22 82
461 329 85
429 631 90
972 350 58
602 34 76
70 874 94
566 472 82
453 34 52
536 678 21
892 934 78
35 469 40
478 795 57
707 624 20
630 614 16
491 350 99
584 322 82
720 615 29
257 206 87
677 92 50
874 46 19
479 231 40
247 742 61
30 524 55
735 427 34
685 928 92
887 492 85
669 133 24
305 405 85
545 195 2
72 798 95
583 701 78
342 439 87
294 284 59
377 578 90
554 379 28
96 446 63
722 272 42
864 878 18
426 269 6
236 980 92
895 638 79
817 580 62
789 522 86
193 319 91
121 688 35
52 791 58
625 979 21
879 559 45
232 556 4
904 672 24
407 711 72
49 68 89
925 171 13
728 540 7
883 416 16
425 752 73
750 980 70
347 30 91
412 605 92
134 987 31
943 850 26
597 875 41
417 857 39
692 372 30
589 395 96
297 446 39
508 649 95
789 616 63
48 809 28
728 556 83
763 216 43
614 240 15
798 963 5
704 700 43
734 242 94
403 968 71
747 940 29
849 461 1
435 18 79
208 735 40
969 207 56
13 724 50
452 884 86
674 344 95
252 7 90
110 390 39
468 933 46
817 379 69
162 101 45
611 4 4
661 264 6
795 963 36
300 626 68
838 676 32
210 908 38
342 995 32
933 89 76
307 496 82
162 865 19
490 838 25
455 203 63
172 822 63
677 172 71
454 290 2
890 322 37
451 349 48
153 318 44
453 751 87
947 163 16
542 130 7
346 469 97
586 475 18
326 37 43
674 530 5
180 323 12
107 667 98
214 264 89
267 112 10
865 290 55
626 589 49
574 811 71
508 359 19
628 581 97
15 556 29
57 663 53
508 620 39
423 845 83
840 774 89
421 702 83
614 161 50
302 654 59
776 814 39
14 574 9
295 720 29
196 687 43
895 776 3
625 193 37
464 400 56
987 57 92
36 708 69
491 834 15
889 188 75
718 52 40
406 942 25
648 140 28
23 231 54
73 158 73
30 684 30
289 247 32
824 963 96
267 935 12
545 787 44
989 70 60
240 263 84
306 144 97
791 850 26
516 600 76
272 137 47
930 199 53
843 911 2
960 367 58
46 552 42
826 810 100
924 779 11
217 61 49
866 474 18
251 475 47
850 377 56
730 902 69
822 802 71
123 876 4
174 600 84
427 822 30
124 581 81
387 715 17
447 500 31
135 833 64
893 716 97
397 454 27
731 450 76
58 588 91
89 849 36
131 692 58
463 20 71
203 12 1
899 692 41
416 248 20
845 715 87
450 202 38
773 664 38
183 998 10
749 803 77
948 990 89
793 934 12
866 5 34
853 104 1
846 373 78
237 903 93
767 111 75
718 733 88
977 161 59
221 887 4
105 785 54
206 927 48
209 674 90
406 721 51
195 656 31
314 192 50
193 27 39
738 735 2
507 774 100
132 255 47
281 488 100
431 531 67
938 784 45
372 759 45
194 410 12
658 587 53
332 916 58
208 521 24
20 693 92
324 639 35
646 106 35
795 482 48
977 448 100
241 934 11
385 494 50
463 135 34
811 156 69
600 577 21
332 149 30
283 41 23
565 525 7
549 917 95
743 238 38
93 487 9
686 326 97
190 475 77
781 967 92
587 146 72
477 664 12
583 577 79
482 329 1
913 507 87
528 601 39
533 389 26
684 344 68
346 855 21
