1000
1500
0 1 32
1 2 65
2 3 71
3 4 21
4 5 32
5 6 30
6 7 71
7 8 33
8 9 51
9 10 71
10 11 60
11 12 94
12 13 90
13 14 71
14 15 68
15 16 81
16 17 44
17 18 76
18 19 85
19 20 47
20 21 50
21 22 36
22 23 52
23 24 90
24 25 1
25 26 15
26 27 4
27 28 69
28 29 34
29 30 5
30 31 62
31 32 87
32 33 23
33 34 45
34 35 79
35 36 39
36 37 48
37 38 58
38 39 98
39 40 84
40 41 25
41 42 98
42 43 98
43 44 4
44 45 57
45 46 22
46 47 61
47 48 2
48 49 8
49 50 14
50 51 95
51 52 76
52 53 14
53 54 23
54 55 71
55 56 60
56 57 3
57 58 88
58 59 56
59 60 54
60 61 26
61 62 48
62 63 15
63 64 63
64 65 71
65 66 100
66 67 23
67 68 76
68 69 46
69 70 58
70 71 64
71 72 16
72 73 67
73 74 98
74 75 57
75 76 84
76 77 2
77 78 56
78 79 70
79 80 6
80 81 61
81 82 66
82 83 83
83 84 70
84 85 13
85 86 68
86 87 40
87 88 69
88 89 59
89 90 88
90 91 4
91 92 42
92 93 54
93 94 68
94 95 12
95 96 75
96 97 75
97 98 53
98 99 72
99 100 36
100 101 29
101 102 94
102 103 61
103 104 76
104 105 62
105 106 28
106 107 70
107 108 7
108 109 42
109 110 60
110 111 40
111 112 69
112 113 86
113 114 77
114 115 57
115 116 26
116 117 71
117 118 46
118 119 92
119 120 38
120 121 33
121 122 62
122 123 100
123 124 19
124 125 71
125 126 82
126 127 55
127 128 23
128 129 15
129 130 39
130 131 60
131 132 95
132 133 2
133 134 86
134 135 85
135 136 21
136 137 87
137 138 54
138 139 93
139 140 10
140 141 72
141 142 65
142 143 65
143 144 97
144 145 37
145 146 75
146 147 91
147 148 76
148 149 86
149 150 57
150 151 94
151 152 58
152 153 62
153 154 49
154 155 3
155 156 82
156 157 100
157 158 89
158 159 36
159 160 18
160 161 88
161 162 100
162 163 52
163 164 52
164 165 82
165 166 50
166 167 41
167 168 41
168 169 52
169 170 74
170 171 84
171 172 88
172 173 43
173 174 71
174 175 59
175 176 53
176 177 66
177 178 96
178 179 76
179 180 42
180 181 62
181 182 78
182 183 16
183 184 1
184 185 17
185 186 51
186 187 28
187 188 53
188 189 34
189 190 7
190 191 51
191 192 98
192 193 72
193 194 43
194 195 7
195 196 68
196 197 36
197 198 5
198 199 42
199 200 97
200 201 1
201 202 38
202 203 58
203 204 10
204 205 77
205 206 62
206 207 94
207 208 69
208 209 71
209 210 19
210 211 45
211 212 36
212 213 11
213 214 95
214 215 63
215 216 65
216 217 76
217 218 1
218 219 31
219 220 86
220 221 99
221 222 56
222 223 24
223 224 94
224 225 14
225 226 73
226 227 83
227 228 93
228 229 2
229 230 79
230 231 68
231 232 79
232 233 94
233 234 99
234 235 21
235 236 99
236 237 75
237 238 62
238 239 82
239 240 18
240 241 20
241 242 67
242 243 69
243 244 53
244 245 54
245 246 27
246 247 63
247 248 7
248 249 59
249 250 59
250 251 52
251 252 10
252 253 71
253 254 6
254 255 16
255 256 38
256 257 65
257 258 10
258 259 73
259 260 25
260 261 19
261 262 84
262 263 9
263 264 78
264 265 66
265 266 26
266 267 98
267 268 57
268 269 46
269 270 29
270 271 63
271 272 30
272 273 11
273 274 86
274 275 9
275 276 62
276 277 70
277 278 27
278 279 22
279 280 50
280 281 25
281 282 71
282 283 29
283 284 15
284 285 21
285 286 72
286 287 12
287 288 61
288 289 94
289 290 61
290 291 68
291 292 3
292 293 2
293 294 25
294 295 3
295 296 43
296 297 39
297 298 39
298 299 11
299 300 21
300 301 68
301 302 94
302 303 39
303 304 13
304 305 18
305 306 2
306 307 24
307 308 8
308 309 61
309 310 94
310 311 100
311 312 42
312 313 11
313 314 13
314 315 98
315 316 88
316 317 72
317 318 95
318 319 50
319 320 37
320 321 5
321 322 82
322 323 65
323 324 53
324 325 42
325 326 87
326 327 76
327 328 8
328 329 57
329 330 22
330 331 6
331 332 3
332 333 39
333 334 63
334 335 42
335 336 8
336 337 91
337 338 69
338 339 6
339 340 56
340 341 82
341 342 43
342 343 25
343 344 82
344 345 42
345 346 62
346 347 97
347 348 14
348 349 74
349 350 98
350 351 54
351 352 63
352 353 6
353 354 38
354 355 7
355 356 88
356 357 26
357 358 4
358 359 59
359 360 52
360 361 82
361 362 66
362 363 22
363 364 23
364 365 64
365 366 62
366 367 86
367 368 97
368 369 12
369 370 98
370 371 82
371 372 96
372 373 56
373 374 39
374 375 79
375 376 65
376 377 98
377 378 16
378 379 4
379 380 23
380 381 52
381 382 92
382 383 40
383 384 93
384 385 58
385 386 30
386 387 43
387 388 99
388 389 40
389 390 100
390 391 83
391 392 83
392 393 74
393 394 60
394 395 83
395 396 8
396 397 8
397 398 30
398 399 13
399 400 98
400 401 55
401 402 22
402 403 5
403 404 45
404 405 95
405 406 28
406 407 22
407 408 89
408 409 39
409 410 46
410 411 87
411 412 26
412 413 28
413 414 56
414 415 12
415 416 51
416 417 81
417 418 86
418 419 100
419 420 46
420 421 81
421 422 94
422 423 40
423 424 4
424 425 37
425 426 29
426 427 7
427 428 29
428 429 35
429 430 22
430 431 42
431 432 96
432 433 14
433 434 69
434 435 13
435 436 80
436 437 62
437 438 37
438 439 2
439 440 60
440 441 32
441 442 78
442 443 19
443 444 89
444 445 13
445 446 32
446 447 36
447 448 54
448 449 53
449 450 30
450 451 92
451 452 85
452 453 42
453 454 30
454 455 1
455 456 99
456 457 92
457 458 61
458 459 71
459 460 6
460 461 7
461 462 35
462 463 33
463 464 93
464 465 81
465 466 35
466 467 39
467 468 2
468 469 71
469 470 25
470 471 37
471 472 37
472 473 33
473 474 92
474 475 33
475 476 50
476 477 92
477 478 84
478 479 51
479 480 84
480 481 3
481 482 43
482 483 71
483 484 61
484 485 23
485 486 27
486 487 76
487 488 53
488 489 18
489 490 83
490 491 48
491 492 29
492 493 96
493 494 29
494 495 16
495 496 74
496 497 36
497 498 72
498 499 17
499 500 87
500 501 53
501 502 40
502 503 90
503 504 59
504 505 6
505 506 2
506 507 9
507 508 14
508 509 79
509 510 63
510 511 100
511 512 39
512 513 87
513 514 94
514 515 46
515 516 38
516 517 59
517 518 92
518 519 36
519 520 18
520 521 29
521 522 10
522 523 54
523 524 97
524 525 58
525 526 39
526 527 96
527 528 44
528 529 44
529 530 19
530 531 92
531 532 89
532 533 30
533 534 48
534 535 81
535 536 70
536 537 16
537 538 73
538 539 30
539 540 32
540 541 3
541 542 96
542 543 98
543 544 13
544 545 98
545 546 80
546 547 42
547 548 40
548 549 43
549 550 53
550 551 81
551 552 16
552 553 48
553 554 23
554 555 96
555 556 31
556 557 67
557 558 48
558 559 68
559 560 81
560 561 94
561 562 16
562 563 75
563 564 27
564 565 67
565 566 61
566 567 57
567 568 37
568 569 26
569 570 66
570 571 41
571 572 52
572 573 32
573 574 41
574 575 30
575 576 41
576 577 23
577 578 20
578 579 58
579 580 35
580 581 67
581 582 12
582 583 91
583 584 80
584 585 9
585 586 98
586 587 46
587 588 73
588 589 71
589 590 30
590 591 53
591 592 65
592 593 57
593 594 21
594 595 71
595 596 99
596 597 42
597 598 4
598 599 69
599 600 13
600 601 73
601 602 47
602 603 38
603 604 26
604 605 49
605 606 60
606 607 25
607 608 17
608 609 30
609 610 67
610 611 46
611 612 1
612 613 78
613 614 59
614 615 21
615 616 35
616 617 45
617 618 81
618 619 2
619 620 43
620 621 51
621 622 36
622 623 5
623 624 3
624 625 65
625 626 72
626 627 29
627 628 56
628 629 49
629 630 25
630 631 8
631 632 77
632 633 55
633 634 95
634 635 4
635 636 30
636 637 78
637 638 7
638 639 99
639 640 62
640 641 46
641 642 31
642 643 33
643 644 4
644 645 70
645 646 48
646 647 61
647 648 59
648 649 92
649 650 76
650 651 4
651 652 29
652 653 75
653 654 74
654 655 23
655 656 29
656 657 96
657 658 74
658 659 63
659 660 63
660 661 79
661 662 19
662 663 50
663 664 52
664 665 99
665 666 93
666 667 4
667 668 30
668 669 73
669 670 98
670 671 28
671 672 31
672 673 47
673 674 70
674 675 86
675 676 73
676 677 49
677 678 32
678 679 83
679 680 38
680 681 39
681 682 16
682 683 84
683 684 72
684 685 38
685 686 73
686 687 4
687 688 85
688 689 2
689 690 16
690 691 8
691 692 95
692 693 94
693 694 55
694 695 11
695 696 35
696 697 3
697 698 11
698 699 79
699 700 98
700 701 75
701 702 5
702 703 82
703 704 37
704 705 42
705 706 9
706 707 53
707 708 36
708 709 56
709 710 13
710 711 67
711 712 93
712 713 9
713 714 54
714 715 52
715 716 21
716 717 37
717 718 62
718 719 12
719 720 46
720 721 12
721 722 94
722 723 47
723 724 10
724 725 49
725 726 65
726 727 80
727 728 79
728 729 75
729 730 27
730 731 18
731 732 15
732 733 27
733 734 7
734 735 11
735 736 63
736 737 35
737 738 61
738 739 44
739 740 42
740 741 21
741 742 50
742 743 51
743 744 33
744 745 61
745 746 85
746 747 29
747 748 81
748 749 13
749 750 42
750 751 78
751 752 39
752 753 54
753 754 38
754 755 3
755 756 49
756 757 64
757 758 5
758 759 77
759 760 15
760 761 38
761 762 76
762 763 52
763 764 11
764 765 63
765 766 99
766 767 53
767 768 10
768 769 15
769 770 27
770 771 98
771 772 78
772 773 82
773 774 40
774 775 53
775 776 90
776 777 25
777 778 37
778 779 15
779 780 93
780 781 77
781 782 37
782 783 74
783 784 82
784 785 54
785 786 31
786 787 17
787 788 98
788 789 73
789 790 21
790 791 8
791 792 41
792 793 36
793 794 84
794 795 51
795 796 48
796 797 12
797 798 47
798 799 33
799 800 57
800 801 12
801 802 99
802 803 30
803 804 94
804 805 57
805 806 47
806 807 17
807 808 65
808 809 58
809 810 95
810 811 48
811 812 78
812 813 2
813 814 80
814 815 22
815 816 2
816 817 18
817 818 45
818 819 10
819 820 90
820 821 91
821 822 95
822 823 50
823 824 100
824 825 32
825 826 24
826 827 27
827 828 46
828 829 20
829 830 29
830 831 6
831 832 25
832 833 73
833 834 36
834 835 86
835 836 70
836 837 92
837 838 36
838 839 58
839 840 2
840 841 29
841 842 38
842 843 81
843 844 54
844 845 76
845 846 8
846 847 45
847 848 33
848 849 13
849 850 70
850 851 9
851 852 77
852 853 87
853 854 54
854 855 66
855 856 91
856 857 77
857 858 70
858 859 52
859 860 7
860 861 100
861 862 1
862 863 56
863 864 80
864 865 88
865 866 100
866 867 64
867 868 56
868 869 27
869 870 26
870 871 4
871 872 64
872 873 75
873 874 84
874 875 77
875 876 57
876 877 7
877 878 13
878 879 64
879 880 44
880 881 7
881 882 32
882 883 7
883 884 88
884 885 26
885 886 33
886 887 53
887 888 97
888 889 8
889 890 16
890 891 16
891 892 30
892 893 21
893 894 64
894 895 72
895 896 73
896 897 10
897 898 60
898 899 70
899 900 1
900 901 8
901 902 23
902 903 72
903 904 28
904 905 53
905 906 72
906 907 66
907 908 59
908 909 22
909 910 30
910 911 53
911 912 14
912 913 84
913 914 72
914 915 33
915 916 92
916 917 54
917 918 98
918 919 95
919 920 37
920 921 2
921 922 10
922 923 33
923 924 77
924 925 99
925 926 95
926 927 33
927 928 7
928 929 68
929 930 53
930 931 63
931 932 72
932 933 90
933 934 45
934 935 3
935 936 90
936 937 70
937 938 2
938 939 74
939 940 80
940 941 73
941 942 94
942 943 23
943 944 44
944 945 41
945 946 92
946 947 5
947 948 53
948 949 69
949 950 28
950 951 36
951 952 64
952 953 43
953 954 61
954 955 79
955 956 35
956 957 80
957 958 89
958 959 97
959 960 27
960 961 34
961 962 65
962 963 70
963 964 85
964 965 98
965 966 31
966 967 21
967 968 54
968 969 92
969 970 39
970 971 56
971 972 53
972 973 13
973 974 73
974 975 69
975 976 31
976 977 84
977 978 36
978 979 10
979 980 11
980 981 6
981 982 31
982 983 30
983 984 88
984 985 57
985 986 62
986 987 6
987 988 24
988 989 72
989 990 31
990 991 38
991 992 1
992 993 20
993 994 92
994 995 72
995 996 37
996 997 33
997 998 49
998 999 48
897 342 22
697 707 72
776 16 58
354 862 99
15 787 1
656 454 25
707 820 76
902 454 39
715 496 28
32 924 17
53 793 25
352 976 74
283 134 26
247 116 58
719 109 77
6 437 7
329 62 87
264 908 78
483 189 93
501 683 45
824 481 89
499 594 36
641 671 79
629 148 65
257 548 47
387 800 56
364 481 23
497 374 85
176 785 12
305 30 53
516 207 39
451 447 28
52 567 99
441 972 28
480 760 77
988 177 36
79 540 91
363 724 42
236 396 3
684 924 47
756 409 61
44 481 42
723 490 40
580 209 74
345 110 18
85 191 89
187 462 53
610 578 54
829 987 20
0 901 24
247 360 5
535 641 72
921 801 60
505 300 14
929 726 61
34 676 55
756 313 38
64 766 52
277 19 2
44 991 58
260 130 16
34 868 77
109 278 60
83 444 1
545 290 82
637 142 59
955 440 96
793 543 57
83 622 5
42 820 50
274 669 81
577 872 38
202 725 27
47 583 17
887 830 44
15 922 41
696 330 35
231 444 7
99 771 62
887 147 97
826 970 38
556 380 54
562 830 90
941 477 39
755 719 57
978 599 84
731 119 99
895 771 19
257 374 20
268 891 48
347 814 22
445 448 11
432 144 86
443 27 52
442 226 77
580 520 100
836 269 54
743 341 30
166 183 11
230 450 49
593 292 38
471 965 84
598 708 2
369 211 72
661 85 53
130 308 73
123 155 44
981 578 5
769 123 72
791 818 55
865 101 40
926 81 67
420 166 29
89 71 61
180 4 52
781 839 40
616 868 50
836 761 57
759 994 15
404 261 33
670 683 4
955 557 12
369 458 25
247 518 25
997 567 46
39 284 66
840 671 60
936 616 74
100 292 77
918 538 97
225 935 31
407 175 12
58 545 56
353 955 72
724 840 9
97 212 99
688 307 51
846 352 16
847 972 49
544 560 88
731 475 61
354 6 40
157 109 66
511 813 33
697 892 97
821 762 48
389 340 65
727 313 49
883 704 35
140 406 23
859 367 40
277 34 68
974 76 26
608 559 19
10 459 32
546 594 100
839 778 34
506 845 52
342 423 24
879 528 96
145 477 47
333 903 80
990 962 51
249 36 42
289 493 27
803 302 31
758 884 9
332 706 52
757 198 75
618 251 23
88 245 93
963 42 76
21 200 18
758 7 77
235 743 73
824 454 52
551 230 94
873 353 56
785 14 93
920 338 68
573 484 81
498 713 7
635 94 57
653 284 48
204 415 100
810 196 38
967 440 84
84 71 14
705 976 55
566 703 98
941 524 88
529 507 13
70 675 93
476 974 91
973 231 43
268 142 8
842 601 8
476 212 50
822 897 89
535 777 36
577 445 32
870 315 37
303 362 38
288 691 54
261 4 42
83 934 10
827 441 86
274 867 7
209 910 62
163 541 65
737 535 93
155 422 45
824 650 82
182 650 3
971 687 71
129 694 94
748 14 7
469 891 46
904 671 67
694 98 41
615 197 3
25 884 79
837 777 42
317 265 81
131 12 12
450 663 19
38 297 42
600 225 15
17 522 92
97 707 15
589 554 85
806 674 15
915 476 23
406 264 90
135 889 94
540 149 76
179 996 93
749 731 38
246 816 53
321 890 58
503 65 82
822 400 18
919 591 72
884 841 94
606 551 17
663 4 95
660 749 98
759 235 100
824 170 83
571 735 14
505 29 73
249 130 11
781 832 77
279 567 16
172 283 60
739 773 45
53 930 27
513 249 9
610 584 37
431 531 84
460 776 50
30 845 56
922 718 28
345 176 75
617 389 81
734 657 51
836 522 23
380 476 53
995 852 37
823 202 39
734 421 46
973 705 95
695 19 74
457 581 7
649 50 28
51 853 40
745 695 37
177 538 86
746 726 77
610 488 40
896 806 34
539 604 58
847 620 4
667 803 1
497 462 30
296 211 35
486 683 21
482 805 75
547 446 71
634 371 1
934 851 48
365 983 21
301 266 57
463 571 43
740 119 37
11 110 74
651 307 14
761 401 33
894 594 22
86 233 81
876 195 100
428 925 47
173 364 50
841 213 25
636 86 80
835 148 42
165 228 44
631 945 23
441 634 90
122 367 20
865 969 79
865 319 5
126 616 16
66 146 68
745 683 17
900 798 18
853 340 45
271 160 18
773 49 2
247 213 94
602 241 66
732 360 52
354 672 26
859 427 95
308 793 40
136 162 44
892 729 79
3 609 48
600 156 22
993 29 47
174 143 73
289 730 92
453 670 31
85 354 19
762 755 37
71 642 12
884 904 48
878 364 25
937 304 95
439 517 80
873 506 43
519 995 27
826 475 77
529 57 21
839 420 75
297 386 30
774 292 2
774 33 93
981 199 76
179 364 92
120 262 5
959 135 58
804 261 6
997 916 89
369 654 3
17 723 1
321 14 88
997 241 48
738 946 55
127 979 10
609 315 13
799 177 52
684 817 96
309 96 84
44 856 83
628 90 38
906 612 85
321 267 55
562 833 2
395 853 32
175 821 95
793 867 85
82 523 39
447 282 13
212 44 62
640 707 73
215 841 5
314 852 85
263 933 55
571 158 11
267 168 26
180 189 96
172 650 76
699 369 84
847 710 50
579 808 46
544 367 20
160 707 1
962 428 53
707 659 39
168 847 19
661 807 100
645 109 23
533 704 37
292 636 8
301 732 73
699 284 31
876 784 75
132 729 57
200 653 21
712 228 95
216 635 63
322 529 84
485 704 19
798 212 4
110 885 37
78 995 77
359 198 3
36 904 68
154 94 2
197 875 32
186 259 97
159 416 69
997 74 32
738 636 38
435 582 92
63 937 36
179 776 52
436 509 86
681 731 94
765 162 73
751 853 56
951 111 39
127 442 74
614 711 72
882 224 77
840 609 1
787 200 95
192 205 61
189 47 9
505 534 85
817 672 49
790 688 2
136 75 40
859 49 82
17 816 97
311 710 83
292 953 10
336 294 53
444 637 96
752 961 30
858 638 60
315 778 23
314 697 38
663 552 34
161 755 49
694 373 71
379 957 88
989 616 50
171 4 99
51 455 51
669 383 5
48 154 22
74 743 53
683 524 90
290 380 53
934 45 78
623 574 42
406 418 71
873 507 96
936 800 94
241 85 97
382 215 62
676 57 99
978 687 40
838 91 55
302 153 93
665 383 40
793 307 84
712 340 82
892 44 8
535 272 94
663 73 9
719 758 41
759 491 84
28 695 92
939 656 89
510 230 41
214 20 57
4 483 86
957 70 52
581 990 99
699 978 90
642 384 36
861 919 20
393 184 17
111 228 85
73 379 4
312 196 30
105 155 87
423 945 80
73 834 50
408 352 58
729 506 98
221 817 59
137 732 80
753 684 5
401 414 24
846 617 25
511 183 13
868 625 68
