50
75
0 1 3
1 2 13
2 3 2
3 4 19
4 5 19
5 6 8
6 7 17
7 8 5
8 9 19
9 10 18
10 11 2
11 12 1
12 13 3
13 14 11
14 15 2
15 16 1
16 17 5
17 18 18
18 19 10
19 20 17
20 21 11
21 22 3
22 23 13
23 24 16
24 25 12
25 26 5
26 27 16
27 28 15
28 29 3
29 30 15
30 31 18
31 32 20
32 33 4
33 34 14
34 35 8
35 36 11
36 37 17
37 38 15
38 39 9
39 40 5
40 41 4
41 42 20
42 43 12
43 44 3
44 45 20
45 46 11
46 47 15
47 48 13
48 49 6
24 19 12
13 7 19
15 39 11
4 48 10
7 23 18
11 23 17
48 42 19
40 37 6
46 34 7
4 25 4
47 21 6
36 0 6
19 25 19
42 1 17
41 46 2
12 49 8
23 5 3
25 28 6
8 48 13
34 49 9
46 42 16
24 45 5
24 42 10
24 8 13
2 6 2
12 7 13
