50
75
0 1 3
1 2 12
2 3 14
3 4 4
4 5 11
5 6 18
6 7 17
7 8 2
8 9 2
9 10 9
10 11 5
11 12 15
12 13 2
13 14 18
14 15 17
15 16 8
16 17 20
17 18 10
18 19 19
19 20 12
20 21 13
21 22 1
22 23 8
23 24 5
24 25 4
25 26 14
26 27 13
27 28 11
28 29 12
29 30 9
30 31 13
31 32 20
32 33 20
33 34 2
34 35 14
35 36 18
36 37 20
37 38 7
38 39 3
39 40 19
40 41 9
41 42 18
42 43 20
43 44 18
44 45 11
45 46 5
46 47 16
47 48 8
48 49 11
16 37 14
39 31 16
48 24 9
49 44 18
1 34 5
0 12 3
19 4 2
23 44 2
27 20 3
30 12 14
19 45 16
10 16 15
21 6 4
45 26 16
29 41 3
43 38 3
41 14 8
26 21 17
36 0 6
6 39 4
11 37 9
48 38 14
5 16 12
45 43 17
46 8 15
42 7 19
