50
75
0 1 14
1 2 17
2 3 18
3 4 4
4 5 6
5 6 13
6 7 8
7 8 10
8 9 1
9 10 8
10 11 4
11 12 19
12 13 1
13 14 4
14 15 6
15 16 17
16 17 10
17 18 13
18 19 19
19 20 13
20 21 11
21 22 12
22 23 3
23 24 11
24 25 10
25 26 20
26 27 6
27 28 4
28 29 17
29 30 3
30 31 19
31 32 4
32 33 9
33 34 11
34 35 4
35 36 10
36 37 2
37 38 12
38 39 13
39 40 4
40 41 16
41 42 16
42 43 7
43 44 7
44 45 5
45 46 9
46 47 8
47 48 2
48 49 2
27 45 2
47 45 11
23 30 15
37 34 5
14 30 15
47 43 12
39 47 2
17 10 1
14 0 19
48 38 18
34 18 12
36 12 13
7 23 11
7 14 20
45 3 14
48 3 20
30 7 5
11 41 1
39 41 10
41 4 9
4 0 14
17 11 17
40 43 7
3 17 16
16 4 17
21 34 16
