1000
1500
0 1 10
1 2 52
2 3 6
3 4 76
4 5 76
5 6 30
6 7 82
7 8 67
8 9 20
9 10 75
10 11 69
11 12 5
12 13 4
13 14 9
14 15 41
15 16 81
16 17 7
17 18 4
18 19 18
19 20 71
20 21 38
21 22 68
22 23 43
23 24 92
24 25 98
25 26 12
26 27 51
27 28 91
28 29 62
29 30 47
30 31 20
31 32 61
32 33 60
33 34 10
34 35 59
35 36 96
36 37 90
37 38 70
38 39 80
39 40 15
40 41 56
41 42 29
42 43 44
43 44 65
44 45 57
45 46 100
46 47 92
47 48 36
48 49 20
49 50 14
50 51 77
51 52 46
52 53 9
53 54 78
54 55 43
55 56 59
56 57 52
57 58 24
58 59 50
59 60 39
60 61 46
61 62 99
62 63 100
63 64 27
64 65 15
65 66 75
66 67 32
67 68 79
68 69 92
69 70 92
70 71 91
71 72 87
72 73 41
73 74 9
74 75 97
75 76 37
76 77 15
77 78 48
78 79 72
79 80 24
80 81 47
81 82 68
82 83 97
83 84 85
84 85 73
85 86 82
86 87 75
87 88 22
88 89 93
89 90 70
90 91 25
91 92 9
92 93 51
93 94 13
94 95 95
95 96 44
96 97 23
97 98 74
98 99 1
99 100 87
100 101 92
101 102 24
102 103 39
103 104 52
104 105 74
105 106 85
106 107 3
107 108 67
108 109 84
109 110 94
110 111 5
111 112 26
112 113 100
113 114 31
114 115 47
115 116 11
116 117 10
117 118 51
118 119 57
119 120 84
120 121 23
121 122 18
122 123 98
123 124 49
124 125 70
125 126 100
126 127 36
127 128 94
128 129 85
129 130 61
130 131 49
131 132 91
132 133 20
133 134 50
134 135 85
135 136 40
136 137 49
137 138 17
138 139 49
139 140 6
140 141 14
141 142 7
142 143 26
143 144 16
144 145 49
145 146 41
146 147 36
147 148 84
148 149 79
149 150 93
150 151 66
151 152 41
152 153 8
153 154 52
154 155 32
155 156 35
156 157 50
157 158 64
158 159 40
159 160 38
160 161 72
161 162 6
162 163 31
163 164 1
164 165 79
165 166 43
166 167 85
167 168 51
168 169 35
169 170 96
170 171 8
171 172 78
172 173 96
173 174 68
174 175 63
175 176 8
176 177 91
177 178 98
178 179 43
179 180 38
180 181 82
181 182 56
182 183 71
183 184 2
184 185 10
185 186 19
186 187 84
187 188 78
188 189 77
189 190 92
190 191 27
191 192 3
192 193 48
193 194 38
194 195 22
195 196 87
196 197 1
197 198 3
198 199 85
199 200 71
200 201 95
201 202 81
202 203 92
203 204 51
204 205 12
205 206 78
206 207 30
207 208 98
208 209 70
209 210 16
210 211 78
211 212 48
212 213 95
213 214 84
214 215 2
215 216 53
216 217 84
217 218 19
218 219 28
219 220 8
220 221 44
221 222 79
222 223 20
223 224 91
224 225 64
225 226 33
226 227 50
227 228 81
228 229 21
229 230 37
230 231 16
231 232 24
232 233 43
233 234 30
234 235 39
235 236 99
236 237 38
237 238 43
238 239 46
239 240 76
240 241 96
241 242 77
242 243 83
243 244 87
244 245 11
245 246 63
246 247 79
247 248 61
248 249 70
249 250 35
250 251 76
251 252 31
252 253 80
253 254 54
254 255 62
255 256 84
256 257 55
257 258 68
258 259 56
259 260 24
260 261 91
261 262 73
262 263 12
263 264 31
264 265 56
265 266 20
266 267 17
267 268 88
268 269 9
269 270 55
270 271 6
271 272 42
272 273 77
273 274 86
274 275 9
275 276 25
276 277 80
277 278 42
278 279 14
279 280 67
280 281 6
281 282 17
282 283 74
283 284 27
284 285 36
285 286 48
286 287 63
287 288 37
288 289 80
289 290 56
290 291 60
291 292 19
292 293 29
293 294 43
294 295 39
295 296 54
296 297 41
297 298 44
298 299 45
299 300 27
300 301 22
301 302 45
302 303 84
303 304 1
304 305 32
305 306 88
306 307 99
307 308 93
308 309 61
309 310 81
310 311 7
311 312 20
312 313 44
313 314 12
314 315 18
315 316 37
316 317 12
317 318 72
318 319 58
319 320 31
320 321 3
321 322 20
322 323 98
323 324 29
324 325 21
325 326 23
326 327 27
327 328 99
328 329 99
329 330 47
330 331 16
331 332 1
332 333 31
333 334 43
334 335 61
335 336 33
336 337 25
337 338 95
338 339 75
339 340 50
340 341 65
341 342 83
342 343 37
343 344 51
344 345 76
345 346 48
346 347 42
347 348 14
348 349 42
349 350 82
350 351 47
351 352 10
352 353 31
353 354 54
354 355 22
355 356 14
356 357 11
357 358 88
358 359 24
359 360 28
360 361 5
361 362 97
362 363 86
363 364 38
364 365 45
365 366 50
366 367 46
367 368 94
368 369 93
369 370 37
370 371 9
371 372 8
372 373 96
373 374 17
374 375 44
375 376 35
376 377 50
377 378 3
378 379 5
379 380 94
380 381 90
381 382 50
382 383 99
383 384 69
384 385 25
385 386 33
386 387 66
387 388 49
388 389 90
389 390 51
390 391 66
391 392 66
392 393 54
393 394 39
394 395 62
395 396 80
396 397 37
397 398 33
398 399 6
399 400 50
400 401 34
401 402 5
402 403 14
403 404 99
404 405 20
405 406 42
406 407 8
407 408 23
408 409 40
409 410 39
410 411 6
411 412 78
412 413 5
413 414 48
414 415 56
415 416 25
416 417 77
417 418 91
418 419 5
419 420 41
420 421 87
421 422 42
422 423 47
423 424 75
424 425 18
425 426 81
426 427 86
427 428 56
428 429 84
429 430 47
430 431 52
431 432 23
432 433 74
433 434 72
434 435 48
435 436 70
436 437 66
437 438 22
438 439 88
439 440 31
440 441 96
441 442 86
442 443 81
443 444 14
444 445 43
445 446 43
446 447 67
447 448 93
448 449 24
449 450 42
450 451 91
451 452 91
452 453 53
453 454 94
454 455 79
455 456 23
456 457 20
457 458 42
458 459 20
459 460 45
460 461 46
461 462 69
462 463 71
463 464 61
464 465 97
465 466 66
466 467 54
467 468 25
468 469 69
469 470 65
470 471 88
471 472 19
472 473 32
473 474 74
474 475 7
475 476 93
476 477 55
477 478 63
478 479 78
479 480 47
480 481 52
481 482 72
482 483 36
483 484 15
484 485 40
485 486 73
486 487 62
487 488 12
488 489 76
489 490 58
490 491 46
491 492 78
492 493 54
493 494 14
494 495 74
495 496 54
496 497 100
497 498 61
498 499 16
499 500 73
500 501 18
501 502 30
502 503 87
503 504 56
504 505 61
505 506 73
506 507 65
507 508 54
508 509 8
509 510 29
510 511 83
511 512 67
512 513 64
513 514 97
514 515 23
515 516 29
516 517 24
517 518 75
518 519 47
519 520 28
520 521 51
521 522 26
522 523 99
523 524 38
524 525 21
525 526 58
526 527 15
527 528 72
528 529 65
529 530 64
530 531 89
531 532 43
532 533 51
533 534 93
534 535 23
535 536 74
536 537 56
537 538 36
538 539 26
539 540 89
540 541 86
541 542 43
542 543 42
543 544 92
544 545 13
545 546 29
546 547 37
547 548 66
548 549 32
549 550 98
550 551 18
551 552 98
552 553 20
553 554 91
554 555 64
555 556 63
556 557 26
557 558 100
558 559 64
559 560 4
560 561 66
561 562 60
562 563 41
563 564 4
564 565 87
565 566 54
566 567 45
567 568 4
568 569 44
569 570 26
570 571 98
571 572 8
572 573 17
573 574 23
574 575 99
575 576 61
576 577 61
577 578 76
578 579 5
579 580 21
580 581 61
581 582 54
582 583 39
583 584 10
584 585 82
585 586 39
586 587 64
587 588 23
588 589 25
589 590 4
590 591 51
591 592 14
592 593 56
593 594 13
594 595 97
595 596 47
596 597 100
597 598 36
598 599 16
599 600 67
600 601 94
601 602 47
602 603 91
603 604 38
604 605 38
605 606 96
606 607 70
607 608 33
608 609 53
609 610 8
610 611 98
611 612 17
612 613 64
613 614 60
614 615 18
615 616 29
616 617 64
617 618 71
618 619 28
619 620 95
620 621 51
621 622 91
622 623 79
623 624 68
624 625 53
625 626 48
626 627 66
627 628 4
628 629 86
629 630 93
630 631 15
631 632 65
632 633 40
633 634 17
634 635 31
635 636 90
636 637 35
637 638 15
638 639 16
639 640 85
640 641 76
641 642 10
642 643 21
643 644 5
644 645 80
645 646 6
646 647 84
647 648 56
648 649 66
649 650 14
650 651 78
651 652 57
652 653 82
653 654 65
654 655 54
655 656 66
656 657 82
657 658 28
658 659 96
659 660 89
660 661 11
661 662 78
662 663 41
663 664 30
664 665 52
665 666 30
666 667 83
667 668 13
668 669 12
669 670 61
670 671 3
671 672 31
672 673 7
673 674 12
674 675 9
675 676 69
676 677 51
677 678 79
678 679 61
679 680 25
680 681 46
681 682 92
682 683 8
683 684 94
684 685 88
685 686 47
686 687 28
687 688 4
688 689 17
689 690 56
690 691 17
691 692 12
692 693 1
693 694 38
694 695 91
695 696 6
696 697 38
697 698 20
698 699 55
699 700 68
700 701 96
701 702 23
702 703 49
703 704 65
704 705 34
705 706 27
706 707 43
707 708 83
708 709 53
709 710 93
710 711 23
711 712 63
712 713 84
713 714 48
714 715 78
715 716 49
716 717 53
717 718 46
718 719 91
719 720 24
720 721 51
721 722 85
722 723 33
723 724 84
724 725 27
725 726 13
726 727 79
727 728 54
728 729 22
729 730 18
730 731 15
731 732 54
732 733 39
733 734 18
734 735 67
735 736 11
736 737 36
737 738 86
738 739 85
739 740 54
740 741 44
741 742 72
742 743 18
743 744 7
744 745 26
745 746 84
746 747 1
747 748 27
748 749 13
749 750 82
750 751 100
751 752 52
752 753 42
753 754 85
754 755 46
755 756 14
756 757 27
757 758 25
758 759 35
759 760 8
760 761 57
761 762 5
762 763 45
763 764 91
764 765 5
765 766 61
766 767 96
767 768 66
768 769 40
769 770 41
770 771 85
771 772 73
772 773 34
773 774 7
774 775 92
775 776 84
776 777 28
777 778 19
778 779 42
779 780 88
780 781 57
781 782 42
782 783 4
783 784 75
784 785 100
785 786 50
786 787 43
787 788 90
788 789 14
789 790 64
790 791 55
791 792 22
792 793 41
793 794 60
794 795 32
795 796 59
796 797 33
797 798 61
798 799 83
799 800 86
800 801 99
801 802 17
802 803 82
803 804 77
804 805 96
805 806 26
806 807 42
807 808 62
808 809 16
809 810 5
810 811 65
811 812 63
812 813 95
813 814 40
814 815 8
815 816 77
816 817 88
817 818 49
818 819 98
819 820 11
820 821 75
821 822 17
822 823 25
823 824 65
824 825 34
825 826 83
826 827 50
827 828 45
828 829 17
829 830 77
830 831 68
831 832 71
832 833 96
833 834 80
834 835 47
835 836 30
836 837 99
837 838 33
838 839 20
839 840 75
840 841 46
841 842 35
842 843 22
843 844 95
844 845 38
845 846 71
846 847 93
847 848 50
848 849 31
849 850 42
850 851 24
851 852 85
852 853 24
853 854 38
854 855 6
855 856 51
856 857 70
857 858 18
858 859 40
859 860 71
860 861 2
861 862 25
862 863 30
863 864 66
864 865 100
865 866 32
866 867 81
867 868 49
868 869 36
869 870 8
870 871 45
871 872 69
872 873 42
873 874 31
874 875 58
875 876 13
876 877 53
877 878 12
878 879 25
879 880 41
880 881 95
881 882 13
882 883 13
883 884 40
884 885 28
885 886 48
886 887 60
887 888 70
888 889 17
889 890 87
890 891 30
891 892 62
892 893 24
893 894 26
894 895 47
895 896 2
896 897 50
897 898 19
898 899 43
899 900 49
900 901 73
901 902 92
902 903 32
903 904 79
904 905 6
905 906 42
906 907 19
907 908 14
908 909 57
909 910 57
910 911 83
911 912 24
912 913 81
913 914 27
914 915 50
915 916 68
916 917 18
917 918 37
918 919 17
919 920 71
920 921 14
921 922 9
922 923 51
923 924 4
924 925 18
925 926 26
926 927 49
927 928 59
928 929 43
929 930 41
930 931 34
931 932 61
932 933 97
933 934 20
934 935 91
935 936 5
936 937 19
937 938 12
938 939 14
939 940 77
940 941 82
941 942 92
942 943 28
943 944 49
944 945 30
945 946 33
946 947 18
947 948 100
948 949 3
949 950 41
950 951 69
951 952 77
952 953 89
953 954 62
954 955 47
955 956 83
956 957 3
957 958 13
958 959 22
959 960 4
960 961 12
961 962 26
962 963 7
963 964 60
964 965 42
965 966 96
966 967 88
967 968 98
968 969 10
969 970 58
970 971 1
971 972 37
972 973 80
973 974 97
974 975 41
975 976 6
976 977 85
977 978 88
978 979 34
979 980 69
980 981 4
981 982 89
982 983 85
983 984 28
984 985 80
985 986 40
986 987 65
987 988 79
988 989 54
989 990 50
990 991 61
991 992 61
992 993 85
993 994 93
994 995 84
995 996 61
996 997 20
997 998 34
998 999 56
23 59 51
477 79 82
491 471 52
499 422 66
875 618 51
817 426 96
436 712 79
660 476 39
819 836 72
261 348 51
50 959 11
577 791 44
468 481 29
661 772 55
133 726 14
98 412 99
233 825 25
157 749 50
174 666 53
938 170 35
77 427 30
764 121 34
359 200 68
885 484 56
646 829 7
615 489 88
426 253 96
204 81 30
619 533 24
270 707 21
111 373 96
160 73 17
108 352 53
386 358 100
151 226 73
470 960 42
120 995 75
928 246 37
263 659 100
513 850 1
909 5 44
633 758 80
837 570 78
935 477 51
714 846 2
641 493 21
976 914 82
426 804 70
177 168 68
520 944 42
136 977 30
848 376 14
648 399 53
629 460 48
791 971 45
189 515 49
216 732 80
114 5 77
628 421 64
301 950 20
137 39 8
186 41 20
512 712 83
609 643 20
296 96 25
345 362 79
778 254 93
146 296 66
614 288 30
265 996 92
769 614 64
674 52 58
411 773 50
978 720 32
493 44 1
148 243 89
518 29 7
498 359 30
473 923 52
181 264 59
505 512 65
412 261 21
194 829 33
688 342 95
700 800 87
128 759 44
148 574 15
204 238 33
775 556 12
489 500 90
641 227 88
897 100 29
847 455 45
32 81 40
209 116 43
993 216 47
260 171 87
806 559 45
645 652 90
127 309 61
543 563 64
277 688 54
392 137 89
296 506 82
511 491 51
126 497 2
302 325 90
304 301 35
168 146 59
503 720 44
802 7 65
229 171 87
230 134 71
389 62 3
827 421 97
657 938 28
306 897 56
328 472 9
988 132 23
582 899 12
9 487 43
521 623 97
73 538 90
78 521 34
231 962 90
580 326 31
560 927 93
169 297 46
704 565 59
871 713 89
149 201 58
778 696 18
347 716 6
745 223 93
894 876 72
188 685 21
212 539 57
642 389 53
631 994 21
221 255 100
587 337 74
36 401 39
913 96 93
884 654 30
799 899 11
55 823 15
42 58 12
215 948 22
430 801 87
60 672 49
315 830 44
371 422 18
544 577 1
505 232 24
268 371 55
672 45 31
220 291 55
847 368 33
824 191 30
692 297 27
359 566 26
476 289 88
798 620 92
58 546 26
689 866 6
480 712 41
387 112 68
82 308 75
794 633 75
834 304 93
781 841 66
878 708 17
817 139 49
315 796 64
164 751 61
199 761 95
718 164 90
214 620 15
47 658 57
819 143 87
554 327 18
423 364 83
775 201 48
94 234 25
597 540 97
972 133 38
247 562 99
554 139 49
635 211 37
15 244 80
870 532 61
571 297 32
156 890 36
388 140 88
334 325 60
236 180 22
184 540 43
443 352 83
982 977 3
980 196 74
86 11 30
3 406 56
888 347 10
729 427 33
540 238 84
301 55 43
240 86 92
452 876 75
719 263 12
746 801 76
390 137 77
851 496 67
71 639 86
226 388 41
590 761 58
314 958 7
419 581 64
125 279 56
21 181 26
403 897 6
349 571 30
909 681 25
598 752 75
167 513 3
980 792 1
105 46 17
799 696 76
547 979 32
837 963 64
977 540 23
5 620 63
898 14 75
134 484 70
674 389 52
914 930 83
251 783 97
361 425 15
602 558 89
375 318 10
461 507 75
272 766 92
809 645 65
695 628 3
650 368 97
969 470 93
543 668 79
94 85 38
243 734 27
193 897 45
141 551 68
555 700 4
62 958 54
139 714 65
38 799 37
358 647 87
294 909 62
184 160 45
383 659 71
591 272 3
395 799 11
16 250 21
928 875 49
844 237 56
474 925 77
979 761 17
145 355 49
92 974 76
244 496 56
909 32 19
491 444 53
21 628 16
707 923 24
328 870 44
223 813 56
895 92 93
787 75 27
140 552 61
648 796 36
789 294 35
694 916 31
698 329 1
4 667 46
564 751 3
674 707 51
375 330 16
220 503 22
89 995 23
367 675 67
209 918 38
660 501 22
279 597 83
320 66 14
62 976 87
395 18 84
24 103 9
484 384 46
51 839 67
481 215 2
812 989 30
620 15 42
979 805 53
655 499 18
237 365 1
141 97 8
55 398 21
385 20 33
496 257 30
956 81 98
916 254 57
881 495 34
549 52 68
538 253 61
393 712 79
426 346 3
845 707 70
765 573 26
603 350 6
999 976 32
27 67 100
291 250 53
760 352 59
167 748 72
908 377 70
316 152 40
407 939 34
482 449 88
827 943 69
329 299 36
624 903 3
972 724 12
460 967 53
537 516 52
248 568 27
234 673 85
133 145 100
247 891 37
870 117 85
779 138 8
234 943 98
955 74 14
594 752 43
804 606 71
750 404 8
328 974 62
152 565 99
952 514 99
996 924 25
982 56 37
619 806 50
528 127 6
644 257 80
554 987 83
493 742 24
206 804 80
613 896 4
263 608 16
24 141 5
919 354 99
475 828 83
273 392 21
9 150 94
23 745 63
265 645 94
608 702 61
77 993 86
806 237 59
571 923 95
898 269 15
294 110 86
282 811 30
808 64 29
620 510 95
125 308 69
252 580 43
388 719 36
610 357 32
377 387 77
236 821 100
943 505 37
539 161 20
492 539 9
987 685 20
336 76 27
211 643 54
970 353 40
674 197 94
829 882 78
52 919 47
390 897 5
807 810 94
327 160 27
812 537 100
156 856 86
428 948 67
98 91 72
52 337 52
758 366 3
361 798 60
807 961 92
97 240 87
344 354 42
635 49 21
441 804 67
308 739 77
718 173 8
69 597 75
288 700 35
973 228 26
651 27 19
431 950 1
910 525 14
848 80 92
483 973 59
121 992 98
48 406 64
693 182 32
916 252 55
142 726 65
893 671 46
561 46 60
122 375 45
13 657 76
150 434 40
717 954 63
379 573 59
143 127 24
917 318 68
317 7 2
942 194 20
885 437 70
237 241 29
464 536 42
252 966 93
166 415 52
942 63 30
800 477 11
104 224 20
740 1 84
501 53 64
643 911 21
640 11 15
188 116 40
995 341 16
864 522 87
267 227 1
99 119 40
334 899 9
23 842 13
89 617 51
704 970 41
724 889 10
896 301 49
821 832 27
678 888 83
330 51 86
27 393 40
830 93 1
602 364 36
569 845 68
928 824 18
69 606 93
989 360 36
876 829 88
323 711 74
651 70 53
985 756 33
907 318 87
338 297 3
715 761 45
362 45 15
844 328 70
554 564 19
769 541 17
34 964 57
723 323 41
131 781 70
581 263 33
956 162 78
927 621 87
151 231 77
612 482 23
862 173 9
722 254 74
531 625 83
598 359 54
534 994 50
901 971 39
70 889 50
126 783 35
276 26 4
418 752 92
72 452 5
562 713 6
544 907 36
407 885 5
454 20 18
483 751 20
245 552 97
166 471 17
476 329 61
445 827 89
