1000
1500
0 1 35
1 2 54
2 3 63
3 4 33
4 5 11
5 6 39
6 7 44
7 8 3
8 9 10
9 10 62
10 11 2
11 12 15
12 13 37
13 14 16
14 15 40
15 16 96
16 17 84
17 18 5
18 19 80
19 20 9
20 21 18
21 22 35
22 23 95
23 24 20
24 25 28
25 26 98
26 27 92
27 28 55
28 29 10
29 30 79
30 31 53
31 32 19
32 33 90
33 34 8
34 35 5
35 36 23
36 37 42
37 38 33
38 39 46
39 40 100
40 41 93
41 42 41
42 43 13
43 44 53
44 45 12
45 46 3
46 47 97
47 48 43
48 49 41
49 50 50
50 51 90
51 52 96
52 53 68
53 54 85
54 55 69
55 56 81
56 57 94
57 58 80
58 59 90
59 60 83
60 61 33
61 62 76
62 63 85
63 64 8
64 65 64
65 66 48
66 67 27
67 68 45
68 69 20
69 70 81
70 71 3
71 72 32
72 73 64
73 74 92
74 75 80
75 76 55
76 77 38
77 78 27
78 79 54
79 80 50
80 81 49
81 82 19
82 83 75
83 84 59
84 85 71
85 86 12
86 87 72
87 88 50
88 89 8
89 90 66
90 91 79
91 92 4
92 93 80
93 94 70
94 95 85
95 96 81
96 97 67
97 98 99
98 99 37
99 100 41
100 101 39
101 102 22
102 103 24
103 104 2
104 105 80
105 106 36
106 107 7
107 108 52
108 109 14
109 110 1
110 111 80
111 112 74
112 113 92
113 114 47
114 115 80
115 116 36
116 117 59
117 118 57
118 119 26
119 120 43
120 121 35
121 122 32
122 123 83
123 124 81
124 125 67
125 126 85
126 127 29
127 128 64
128 129 4
129 130 20
130 131 3
131 132 77
132 133 34
133 134 62
134 135 13
135 136 23
136 137 79
137 138 28
138 139 9
139 140 12
140 141 9
141 142 89
142 143 17
143 144 51
144 145 78
145 146 21
146 147 11
147 148 86
148 149 90
149 150 85
150 151 97
151 152 91
152 153 58
153 154 50
154 155 84
155 156 36
156 157 49
157 158 99
158 159 52
159 160 49
160 161 21
161 162 91
162 163 68
163 164 4
164 165 10
165 166 42
166 167 76
167 168 83
168 169 89
169 170 54
170 171 30
171 172 42
172 173 47
173 174 57
174 175 74
175 176 28
176 177 51
177 178 67
178 179 69
179 180 91
180 181 1
181 182 88
182 183 53
183 184 76
184 185 5
185 186 82
186 187 60
187 188 84
188 189 76
189 190 86
190 191 8
191 192 30
192 193 74
193 194 30
194 195 29
195 196 8
196 197 7
197 198 11
198 199 80
199 200 48
200 201 73
201 202 84
202 203 37
203 204 41
204 205 58
205 206 68
206 207 89
207 208 49
208 209 76
209 210 7
210 211 92
211 212 99
212 213 52
213 214 85
214 215 60
215 216 96
216 217 49
217 218 73
218 219 6
219 220 50
220 221 32
221 222 49
222 223 8
223 224 11
224 225 47
225 226 90
226 227 35
227 228 11
228 229 71
229 230 19
230 231 50
231 232 42
232 233 29
233 234 2
234 235 53
235 236 42
236 237 96
237 238 18
238 239 86
239 240 9
240 241 76
241 242 79
242 243 100
243 244 96
244 245 53
245 246 78
246 247 75
247 248 13
248 249 85
249 250 69
250 251 86
251 252 18
252 253 81
253 254 97
254 255 32
255 256 11
256 257 93
257 258 2
258 259 17
259 260 84
260 261 40
261 262 36
262 263 83
263 264 86
264 265 71
265 266 81
266 267 19
267 268 80
268 269 73
269 270 95
270 271 44
271 272 52
272 273 74
273 274 100
274 275 34
275 276 49
276 277 29
277 278 3
278 279 27
279 280 16
280 281 13
281 282 69
282 283 6
283 284 63
284 285 7
285 286 79
286 287 53
287 288 71
288 289 44
289 290 43
290 291 57
291 292 81
292 293 99
293 294 65
294 295 34
295 296 35
296 297 35
297 298 2
298 299 54
299 300 47
300 301 17
301 302 62
302 303 69
303 304 37
304 305 31
305 306 95
306 307 13
307 308 22
308 309 85
309 310 78
310 311 59
311 312 68
312 313 99
313 314 97
314 315 60
315 316 14
316 317 11
317 318 74
318 319 65
319 320 54
320 321 45
321 322 25
322 323 67
323 324 44
324 325 19
325 326 53
326 327 16
327 328 97
328 329 67
329 330 64
330 331 82
331 332 20
332 333 89
333 334 95
334 335 53
335 336 25
336 337 51
337 338 23
338 339 33
339 340 80
340 341 83
341 342 3
342 343 46
343 344 5
344 345 14
345 346 31
346 347 76
347 348 96
348 349 83
349 350 64
350 351 68
351 352 91
352 353 57
353 354 45
354 355 18
355 356 47
356 357 6
357 358 44
358 359 93
359 360 38
360 361 74
361 362 25
362 363 21
363 364 70
364 365 39
365 366 6
366 367 37
367 368 61
368 369 82
369 370 67
370 371 69
371 372 97
372 373 78
373 374 23
374 375 44
375 376 75
376 377 80
377 378 37
378 379 55
379 380 13
380 381 23
381 382 21
382 383 100
383 384 14
384 385 88
385 386 51
386 387 49
387 388 95
388 389 36
389 390 37
390 391 14
391 392 23
392 393 54
393 394 48
394 395 97
395 396 98
396 397 19
397 398 80
398 399 58
399 400 90
400 401 57
401 402 49
402 403 80
403 404 66
404 405 98
405 406 91
406 407 94
407 408 49
408 409 19
409 410 64
410 411 13
411 412 36
412 413 16
413 414 35
414 415 12
415 416 39
416 417 35
417 418 10
418 419 97
419 420 20
420 421 3
421 422 69
422 423 24
423 424 82
424 425 37
425 426 3
426 427 5
427 428 11
428 429 89
429 430 94
430 431 1
431 432 56
432 433 31
433 434 98
434 435 58
435 436 77
436 437 53
437 438 24
438 439 65
439 440 65
440 441 79
441 442 36
442 443 46
443 444 64
444 445 83
445 446 87
446 447 8
447 448 39
448 449 25
449 450 54
450 451 59
451 452 64
452 453 69
453 454 15
454 455 84
455 456 77
456 457 22
457 458 60
458 459 44
459 460 45
460 461 90
461 462 48
462 463 25
463 464 44
464 465 51
465 466 89
466 467 25
467 468 37
468 469 29
469 470 18
470 471 84
471 472 96
472 473 17
473 474 1
474 475 18
475 476 58
476 477 100
477 478 88
478 479 94
479 480 35
480 481 61
481 482 87
482 483 69
483 484 79
484 485 46
485 486 36
486 487 14
487 488 11
488 489 72
489 490 28
490 491 98
491 492 48
492 493 43
493 494 84
494 495 58
495 496 33
496 497 31
497 498 24
498 499 56
499 500 73
500 501 29
501 502 73
502 503 55
503 504 66
504 505 25
505 506 17
506 507 95
507 508 40
508 509 33
509 510 88
510 511 39
511 512 48
512 513 1
513 514 64
514 515 86
515 516 67
516 517 3
517 518 23
518 519 87
519 520 60
520 521 65
521 522 4
522 523 44
523 524 27
524 525 85
525 526 97
526 527 44
527 528 66
528 529 34
529 530 100
530 531 12
531 532 30
532 533 63
533 534 28
534 535 92
535 536 91
536 537 73
537 538 59
538 539 30
539 540 88
540 541 39
541 542 70
542 543 92
543 544 23
544 545 29
545 546 75
546 547 84
547 548 21
548 549 73
549 550 22
550 551 64
551 552 82
552 553 18
553 554 30
554 555 98
555 556 37
556 557 78
557 558 61
558 559 62
559 560 58
560 561 49
561 562 39
562 563 65
563 564 73
564 565 53
565 566 56
566 567 30
567 568 49
568 569 34
569 570 1
570 571 57
571 572 70
572 573 69
573 574 96
574 575 61
575 576 82
576 577 8
577 578 63
578 579 32
579 580 41
580 581 82
581 582 93
582 583 68
583 584 68
584 585 85
585 586 64
586 587 54
587 588 88
588 589 24
589 590 96
590 591 45
591 592 56
592 593 44
593 594 30
594 595 95
595 596 4
596 597 54
597 598 29
598 599 52
599 600 14
600 601 67
601 602 4
602 603 90
603 604 79
604 605 25
605 606 33
606 607 81
607 608 79
608 609 49
609 610 46
610 611 96
611 612 100
612 613 57
613 614 97
614 615 30
615 616 37
616 617 72
617 618 65
618 619 87
619 620 61
620 621 36
621 622 28
622 623 19
623 624 93
624 625 88
625 626 45
626 627 99
627 628 29
628 629 15
629 630 33
630 631 41
631 632 42
632 633 4
633 634 82
634 635 70
635 636 17
636 637 59
637 638 37
638 639 17
639 640 15
640 641 76
641 642 91
642 643 59
643 644 63
644 645 96
645 646 13
646 647 35
647 648 70
648 649 76
649 650 85
650 651 31
651 652 1
652 653 88
653 654 44
654 655 94
655 656 31
656 657 9
657 658 20
658 659 6
659 660 50
660 661 45
661 662 18
662 663 90
663 664 18
664 665 51
665 666 97
666 667 93
667 668 71
668 669 9
669 670 89
670 671 74
671 672 23
672 673 78
673 674 83
674 675 96
675 676 99
676 677 49
677 678 11
678 679 23
679 680 83
680 681 59
681 682 42
682 683 72
683 684 48
684 685 61
685 686 50
686 687 75
687 688 22
688 689 44
689 690 24
690 691 66
691 692 35
692 693 82
693 694 2
694 695 22
695 696 72
696 697 76
697 698 65
698 699 2
699 700 64
700 701 70
701 702 70
702 703 88
703 704 74
704 705 23
705 706 67
706 707 67
707 708 99
708 709 69
709 710 39
710 711 30
711 712 69
712 713 42
713 714 26
714 715 97
715 716 2
716 717 82
717 718 60
718 719 7
719 720 58
720 721 47
721 722 96
722 723 3
723 724 16
724 725 37
725 726 26
726 727 42
727 728 44
728 729 84
729 730 46
730 731 77
731 732 70
732 733 35
733 734 77
734 735 49
735 736 27
736 737 5
737 738 95
738 739 62
739 740 3
740 741 80
741 742 28
742 743 44
743 744 6
744 745 78
745 746 85
746 747 13
747 748 98
748 749 92
749 750 29
750 751 76
751 752 58
752 753 79
753 754 95
754 755 7
755 756 20
756 757 69
757 758 29
758 759 17
759 760 82
760 761 42
761 762 53
762 763 86
763 764 91
764 765 11
765 766 18
766 767 89
767 768 32
768 769 87
769 770 47
770 771 42
771 772 67
772 773 14
773 774 23
774 775 69
775 776 100
776 777 86
777 778 68
778 779 61
779 780 85
780 781 26
781 782 96
782 783 23
783 784 60
784 785 30
785 786 69
786 787 19
787 788 25
788 789 71
789 790 8
790 791 43
791 792 82
792 793 68
793 794 50
794 795 63
795 796 88
796 797 21
797 798 36
798 799 87
799 800 63
800 801 69
801 802 18
802 803 61
803 804 64
804 805 98
805 806 58
806 807 57
807 808 93
808 809 20
809 810 85
810 811 68
811 812 58
812 813 32
813 814 33
814 815 95
815 816 94
816 817 33
817 818 33
818 819 18
819 820 14
820 821 92
821 822 52
822 823 16
823 824 57
824 825 5
825 826 52
826 827 78
827 828 6
828 829 91
829 830 9
830 831 8
831 832 95
832 833 32
833 834 3
834 835 3
835 836 30
836 837 60
837 838 65
838 839 76
839 840 8
840 841 76
841 842 74
842 843 26
843 844 30
844 845 1
845 846 45
846 847 38
847 848 4
848 849 29
849 850 36
850 851 52
851 852 21
852 853 22
853 854 26
854 855 68
855 856 58
856 857 49
857 858 1
858 859 74
859 860 20
860 861 30
861 862 34
862 863 60
863 864 65
864 865 46
865 866 73
866 867 10
867 868 62
868 869 81
869 870 9
870 871 6
871 872 33
872 873 97
873 874 20
874 875 26
875 876 6
876 877 50
877 878 54
878 879 13
879 880 34
880 881 73
881 882 28
882 883 6
883 884 28
884 885 58
885 886 43
886 887 31
887 888 91
888 889 28
889 890 52
890 891 85
891 892 43
892 893 75
893 894 53
894 895 68
895 896 60
896 897 22
897 898 54
898 899 81
899 900 84
900 901 12
901 902 21
902 903 72
903 904 92
904 905 76
905 906 32
906 907 53
907 908 11
908 909 9
909 910 45
910 911 80
911 912 79
912 913 91
913 914 2
914 915 74
915 916 45
916 917 24
917 918 26
918 919 39
919 920 36
920 921 80
921 922 25
922 923 9
923 924 75
924 925 67
925 926 7
926 927 6
927 928 33
928 929 46
929 930 20
930 931 14
931 932 22
932 933 28
933 934 21
934 935 2
935 936 68
936 937 56
937 938 7
938 939 29
939 940 27
940 941 31
941 942 11
942 943 26
943 944 31
944 945 53
945 946 41
946 947 24
947 948 50
948 949 16
949 950 35
950 951 16
951 952 35
952 953 6
953 954 86
954 955 21
955 956 39
956 957 66
957 958 79
958 959 45
959 960 53
960 961 65
961 962 78
962 963 91
963 964 67
964 965 14
965 966 67
966 967 16
967 968 58
968 969 44
969 970 26
970 971 26
971 972 89
972 973 66
973 974 25
974 975 67
975 976 49
976 977 40
977 978 36
978 979 3
979 980 100
980 981 52
981 982 85
982 983 28
983 984 48
984 985 88
985 986 32
986 987 98
987 988 99
988 989 54
989 990 14
990 991 98
991 992 2
992 993 17
993 994 57
994 995 3
995 996 54
996 997 70
997 998 46
998 999 66
26 962 55
582 938 46
318 143 2
826 788 64
122 144 27
215 557 78
556 1 60
63 882 55
483 200 12
271 473 30
919 81 9
803 250 63
456 108 16
515 726 89
550 636 25
546 991 37
203 864 63
822 448 42
145 620 7
519 81 28
763 993 52
826 651 11
377 55 76
218 188 67
309 257 10
942 888 93
642 138 84
455 227 41
997 183 48
928 411 69
177 509 42
997 273 78
625 215 73
308 112 36
678 366 79
20 283 33
864 173 31
385 943 79
72 733 26
780 244 28
289 199 96
863 419 7
517 941 56
597 712 28
763 773 16
852 215 6
503 174 90
381 359 28
738 736 58
149 540 10
613 991 37
432 522 62
617 132 9
981 290 46
947 332 59
10 478 94
685 193 69
869 302 54
677 316 15
69 780 13
616 845 29
176 346 14
634 545 5
688 864 100
162 650 78
342 973 8
787 465 13
149 375 9
536 868 100
794 916 53
609 695 30
179 720 2
436 35 59
707 312 40
656 920 79
645 509 36
749 38 62
496 593 56
3 718 67
586 443 82
166 762 63
608 73 23
916 16 66
271 543 17
341 570 20
178 156 2
172 820 85
852 196 37
709 971 9
488 768 14
747 623 73
232 183 23
226 686 53
519 395 44
357 173 22
487 912 35
422 218 19
974 91 90
163 65 25
758 69 3
554 63 61
616 57 43
212 527 11
373 198 32
368 517 78
644 25 74
832 822 9
312 543 77
103 511 57
237 564 51
698 745 51
988 778 75
284 979 7
68 550 36
840 273 91
239 128 63
536 788 62
451 844 49
412 840 79
445 247 60
214 642 34
673 946 81
264 678 8
88 640 85
863 334 38
810 15 42
985 758 69
918 403 26
648 111 74
592 789 61
448 630 86
612 469 90
603 357 59
828 438 85
375 722 20
580 156 55
231 293 53
702 368 5
5 274 67
117 37 82
968 905 27
225 271 89
837 369 42
591 296 4
487 496 63
278 929 74
193 309 82
51 39 63
785 773 85
603 19 4
555 252 30
363 798 64
838 159 23
512 356 39
913 533 89
176 81 61
492 387 85
494 312 9
487 425 56
112 37 88
164 996 39
787 656 65
24 185 50
544 9 76
340 83 70
534 716 85
895 832 26
677 437 65
891 823 20
224 792 31
193 148 51
607 136 28
356 602 42
997 294 41
232 547 96
620 897 31
753 337 61
303 933 98
583 94 76
126 802 66
617 654 54
1 144 88
34 127 35
985 191 56
169 692 5
857 802 52
792 61 70
195 260 78
772 218 67
925 32 46
448 151 28
242 719 4
378 339 79
103 798 50
280 818 14
990 856 3
14 632 27
40 151 27
754 656 17
932 385 9
916 513 7
559 342 35
109 662 59
340 259 38
397 906 68
764 826 65
930 787 45
244 760 27
539 529 53
111 475 37
223 165 94
505 94 7
202 319 83
54 552 40
773 356 8
406 326 95
976 17 71
559 525 47
786 11 86
514 780 31
709 792 25
492 343 6
169 660 39
952 109 42
532 113 11
892 310 8
949 128 57
891 978 12
198 641 78
551 569 43
381 715 66
743 47 1
152 676 56
37 784 65
592 90 92
878 278 96
723 926 12
27 145 44
561 50 5
154 877 67
497 641 56
818 347 48
317 858 17
169 628 86
164 9 66
966 494 10
138 196 22
452 187 69
149 608 82
48 80 32
276 211 34
68 817 13
399 662 95
272 130 50
517 618 30
214 269 66
373 539 3
460 398 8
522 39 13
60 403 69
104 842 27
874 516 90
495 596 59
95 660 19
779 171 19
770 369 37
954 432 51
851 883 78
755 488 13
523 305 52
185 623 71
932 675 97
620 863 63
783 291 25
437 368 63
317 244 55
325 708 19
607 143 27
37 802 93
296 925 35
188 174 83
120 57 43
563 907 93
159 413 37
481 115 4
16 356 97
317 114 69
333 477 38
522 146 89
717 375 25
463 480 47
274 253 34
694 751 65
504 68 53
346 145 60
69 725 32
806 841 88
351 357 25
360 86 81
582 29 40
744 295 37
469 13 52
681 238 51
201 447 61
676 98 87
514 898 8
33 589 49
55 268 66
45 812 82
766 382 84
216 719 77
65 611 74
882 336 42
280 902 4
18 403 82
50 206 24
638 150 96
144 6 78
89 314 100
19 675 23
242 794 40
214 491 66
844 808 66
282 683 44
802 169 96
74 665 53
745 268 52
780 1 68
436 588 26
493 495 22
8 543 8
888 210 86
980 291 60
753 63 39
399 120 58
232 327 76
254 655 28
666 740 99
125 525 94
164 633 9
687 311 19
420 798 9
726 138 21
312 883 19
504 210 42
327 942 75
279 266 1
340 357 24
806 993 78
560 431 90
738 265 26
28 831 66
451 743 48
476 814 84
963 845 23
605 417 9
440 206 37
329 410 73
774 953 10
267 408 85
854 212 37
232 676 74
79 684 37
28 654 22
650 945 94
772 532 90
430 359 65
42 679 58
70 342 39
278 547 78
462 950 21
646 873 52
87 942 30
664 666 6
649 979 97
137 816 89
672 179 25
62 272 23
760 697 80
382 607 92
684 688 20
592 718 18
527 396 39
994 206 18
88 75 68
14 407 32
457 335 59
420 671 36
870 492 26
495 829 8
947 558 69
386 554 78
740 685 25
535 860 17
628 811 88
694 166 7
316 922 99
315 197 29
409 859 72
246 152 77
202 613 62
827 627 75
454 891 55
894 444 79
284 909 27
896 80 7
2 159 59
846 988 53
208 228 17
320 217 98
30 992 34
286 936 74
744 361 7
639 280 74
387 716 18
589 65 64
88 646 68
29 718 5
637 322 52
327 377 33
878 729 82
739 798 66
1 223 15
533 442 37
246 901 29
703 110 94
588 852 12
108 524 71
738 162 43
463 582 65
216 879 90
803 853 9
758 877 32
812 832 57
263 738 33
816 355 22
374 862 25
902 133 67
459 662 58
543 864 100
465 640 33
786 179 94
210 41 100
643 490 27
24 284 80
691 160 13
832 158 4
654 474 44
286 107 89
798 427 6
982 613 62
426 340 60
746 614 88
26 917 1
750 368 32
867 516 89
265 937 87
640 779 17
766 53 71
311 52 61
457 297 12
843 559 79
633 377 26
297 218 39
635 687 27
843 383 46
708 851 47
843 55 36
906 317 67
371 668 72
227 328 97
416 374 1
134 857 40
682 234 41
844 916 100
346 689 99
339 46 82
765 843 94
324 199 48
249 276 8
20 832 81
590 105 10
364 822 88
467 821 35
652 619 74
473 932 39
8 388 71
126 553 50
128 948 84
654 706 35
60 570 53
417 849 45
945 810 76
678 827 47
673 676 55
41 712 41
566 48 28
799 361 46
512 122 2
672 704 9
264 432 74
