50
75
0 1 18
1 2 11
2 3 5
3 4 18
4 5 18
5 6 10
6 7 17
7 8 7
8 9 14
9 10 6
10 11 5
11 12 4
12 13 16
13 14 8
14 15 7
15 16 17
16 17 18
17 18 17
18 19 5
19 20 16
20 21 7
21 22 1
22 23 3
23 24 14
24 25 3
25 26 5
26 27 16
27 28 6
28 29 5
29 30 2
30 31 18
31 32 10
32 33 11
33 34 11
34 35 4
35 36 8
36 37 9
37 38 9
38 39 1
39 40 19
40 41 10
41 42 5
42 43 12
43 44 14
44 45 6
45 46 7
46 47 13
47 48 20
48 49 9
1 23 4
18 36 10
37 31 4
49 7 8
9 21 16
34 42 11
27 7 1
23 27 14
20 0 19
43 40 13
30 27 20
16 9 12
12 29 19
45 14 19
10 14 5
10 17 19
46 44 14
36 33 18
25 36 14
49 41 1
29 33 10
2 40 4
47 0 11
23 5 20
28 32 15
6 28 19
