50
75
0 1 8
1 2 17
2 3 18
3 4 6
4 5 8
5 6 8
6 7 18
7 8 9
8 9 13
9 10 18
10 11 15
11 12 18
12 13 17
13 14 11
14 15 19
15 16 12
16 17 13
17 18 9
18 19 13
19 20 1
20 21 4
21 22 1
22 23 18
23 24 9
24 25 2
25 26 16
26 27 6
27 28 12
28 29 20
29 30 10
30 31 12
31 32 15
32 33 7
33 34 1
34 35 15
35 36 6
36 37 16
37 38 1
38 39 2
39 40 4
40 41 19
41 42 4
42 43 6
43 44 18
44 45 15
45 46 1
46 47 14
47 48 14
48 49 7
23 7 16
35 49 6
37 22 15
31 7 17
48 28 1
27 34 2
30 32 18
6 33 10
34 29 1
20 26 17
5 37 19
26 35 9
14 46 16
37 30 7
34 3 11
29 19 18
42 38 15
12 35 12
45 18 9
30 49 5
35 40 14
11 7 10
29 47 1
10 43 14
46 4 18
48 18 19
