1000
1500
0 1 5
1 2 37
2 3 90
3 4 98
4 5 19
5 6 60
6 7 48
7 8 86
8 9 90
9 10 13
10 11 59
11 12 77
12 13 64
13 14 78
14 15 3
15 16 66
16 17 56
17 18 74
18 19 48
19 20 80
20 21 71
21 22 97
22 23 56
23 24 51
24 25 23
25 26 8
26 27 14
27 28 16
28 29 49
29 30 20
30 31 13
31 32 21
32 33 66
33 34 64
34 35 17
35 36 99
36 37 50
37 38 77
38 39 65
39 40 35
40 41 74
41 42 24
42 43 49
43 44 9
44 45 7
45 46 75
46 47 8
47 48 24
48 49 8
49 50 22
50 51 38
51 52 36
52 53 10
53 54 67
54 55 80
55 56 14
56 57 75
57 58 84
58 59 84
59 60 87
60 61 8
61 62 13
62 63 80
63 64 59
64 65 83
65 66 93
66 67 43
67 68 43
68 69 68
69 70 86
70 71 90
71 72 57
72 73 22
73 74 17
74 75 11
75 76 100
76 77 41
77 78 7
78 79 76
79 80 35
80 81 48
81 82 94
82 83 24
83 84 87
84 85 78
85 86 10
86 87 71
87 88 85
88 89 15
89 90 39
90 91 64
91 92 100
92 93 94
93 94 47
94 95 92
95 96 56
96 97 6
97 98 61
98 99 54
99 100 78
100 101 100
101 102 11
102 103 46
103 104 17
104 105 83
105 106 12
106 107 86
107 108 94
108 109 20
109 110 74
110 111 40
111 112 14
112 113 89
113 114 69
114 115 55
115 116 57
116 117 76
117 118 5
118 119 19
119 120 1
120 121 14
121 122 16
122 123 17
123 124 95
124 125 3
125 126 99
126 127 100
127 128 44
128 129 16
129 130 92
130 131 69
131 132 64
132 133 34
133 134 97
134 135 90
135 136 59
136 137 44
137 138 50
138 139 12
139 140 92
140 141 5
141 142 12
142 143 92
143 144 27
144 145 87
145 146 52
146 147 25
147 148 88
148 149 74
149 150 52
150 151 34
151 152 77
152 153 76
153 154 53
154 155 42
155 156 51
156 157 45
157 158 7
158 159 24
159 160 69
160 161 23
161 162 25
162 163 91
163 164 95
164 165 7
165 166 86
166 167 30
167 168 39
168 169 29
169 170 45
170 171 25
171 172 100
172 173 28
173 174 50
174 175 50
175 176 29
176 177 8
177 178 59
178 179 65
179 180 8
180 181 13
181 182 4
182 183 4
183 184 70
184 185 79
185 186 66
186 187 65
187 188 65
188 189 15
189 190 75
190 191 45
191 192 34
192 193 29
193 194 17
194 195 58
195 196 98
196 197 51
197 198 20
198 199 32
199 200 1
200 201 14
201 202 90
202 203 29
203 204 16
204 205 73
205 206 80
206 207 54
207 208 26
208 209 49
209 210 55
210 211 14
211 212 2
212 213 24
213 214 49
214 215 15
215 216 43
216 217 41
217 218 34
218 219 69
219 220 18
220 221 70
221 222 74
222 223 20
223 224 89
224 225 32
225 226 26
226 227 31
227 228 6
228 229 12
229 230 35
230 231 62
231 232 90
232 233 35
233 234 83
234 235 10
235 236 62
236 237 91
237 238 44
238 239 19
239 240 41
240 241 29
241 242 2
242 243 94
243 244 27
244 245 61
245 246 82
246 247 20
247 248 37
248 249 73
249 250 86
250 251 57
251 252 39
252 253 93
253 254 62
254 255 57
255 256 40
256 257 97
257 258 96
258 259 71
259 260 63
260 261 71
261 262 79
262 263 55
263 264 93
264 265 56
265 266 67
266 267 74
267 268 10
268 269 28
269 270 79
270 271 90
271 272 82
272 273 93
273 274 20
274 275 78
275 276 96
276 277 4
277 278 83
278 279 14
279 280 82
280 281 90
281 282 12
282 283 99
283 284 84
284 285 30
285 286 25
286 287 26
287 288 79
288 289 94
289 290 67
290 291 8
291 292 33
292 293 22
293 294 63
294 295 60
295 296 54
296 297 39
297 298 9
298 299 44
299 300 59
300 301 57
301 302 89
302 303 35
303 304 64
304 305 18
305 306 15
306 307 42
307 308 46
308 309 43
309 310 47
310 311 13
311 312 50
312 313 90
313 314 58
314 315 42
315 316 40
316 317 27
317 318 31
318 319 60
319 320 24
320 321 48
321 322 39
322 323 56
323 324 31
324 325 76
325 326 38
326 327 68
327 328 82
328 329 7
329 330 24
330 331 39
331 332 17
332 333 20
333 334 28
334 335 18
335 336 23
336 337 89
337 338 83
338 339 76
339 340 65
340 341 92
341 342 92
342 343 25
343 344 34
344 345 64
345 346 50
346 347 68
347 348 24
348 349 33
349 350 14
350 351 96
351 352 66
352 353 47
353 354 18
354 355 14
355 356 56
356 357 40
357 358 65
358 359 97
359 360 33
360 361 13
361 362 20
362 363 74
363 364 89
364 365 67
365 366 51
366 367 7
367 368 49
368 369 74
369 370 57
370 371 81
371 372 59
372 373 72
373 374 61
374 375 70
375 376 83
376 377 14
377 378 2
378 379 87
379 380 92
380 381 63
381 382 62
382 383 10
383 384 37
384 385 14
385 386 86
386 387 93
387 388 27
388 389 58
389 390 90
390 391 12
391 392 88
392 393 87
393 394 70
394 395 55
395 396 62
396 397 19
397 398 24
398 399 46
399 400 1
400 401 11
401 402 34
402 403 43
403 404 6
404 405 12
405 406 72
406 407 42
407 408 24
408 409 3
409 410 81
410 411 46
411 412 27
412 413 42
413 414 16
414 415 54
415 416 60
416 417 8
417 418 2
418 419 82
419 420 90
420 421 11
421 422 29
422 423 14
423 424 26
424 425 79
425 426 28
426 427 32
427 428 6
428 429 100
429 430 51
430 431 6
431 432 15
432 433 13
433 434 39
434 435 4
435 436 10
436 437 79
437 438 65
438 439 86
439 440 85
440 441 87
441 442 29
442 443 34
443 444 36
444 445 51
445 446 78
446 447 24
447 448 22
448 449 81
449 450 92
450 451 42
451 452 63
452 453 74
453 454 53
454 455 81
455 456 91
456 457 53
457 458 85
458 459 43
459 460 59
460 461 48
461 462 76
462 463 95
463 464 27
464 465 57
465 466 56
466 467 82
467 468 63
468 469 3
469 470 67
470 471 20
471 472 57
472 473 5
473 474 75
474 475 23
475 476 99
476 477 15
477 478 10
478 479 57
479 480 10
480 481 60
481 482 14
482 483 16
483 484 3
484 485 81
485 486 33
486 487 89
487 488 84
488 489 65
489 490 68
490 491 51
491 492 30
492 493 64
493 494 98
494 495 2
495 496 31
496 497 41
497 498 47
498 499 14
499 500 51
500 501 12
501 502 17
502 503 2
503 504 67
504 505 77
505 506 10
506 507 84
507 508 15
508 509 56
509 510 5
510 511 88
511 512 9
512 513 26
513 514 95
514 515 85
515 516 14
516 517 72
517 518 72
518 519 56
519 520 66
520 521 3
521 522 46
522 523 90
523 524 75
524 525 42
525 526 48
526 527 37
527 528 86
528 529 55
529 530 70
530 531 3
531 532 57
532 533 93
533 534 94
534 535 12
535 536 4
536 537 79
537 538 2
538 539 8
539 540 3
540 541 55
541 542 35
542 543 33
543 544 69
544 545 39
545 546 4
546 547 46
547 548 58
548 549 40
549 550 5
550 551 16
551 552 83
552 553 51
553 554 39
554 555 35
555 556 97
556 557 41
557 558 11
558 559 46
559 560 6
560 561 95
561 562 28
562 563 70
563 564 16
564 565 54
565 566 43
566 567 47
567 568 73
568 569 58
569 570 37
570 571 15
571 572 64
572 573 46
573 574 65
574 575 24
575 576 14
576 577 57
577 578 55
578 579 56
579 580 62
580 581 23
581 582 29
582 583 86
583 584 77
584 585 93
585 586 35
586 587 34
587 588 64
588 589 81
589 590 53
590 591 14
591 592 41
592 593 42
593 594 37
594 595 14
595 596 80
596 597 66
597 598 66
598 599 91
599 600 57
600 601 97
601 602 71
602 603 62
603 604 94
604 605 33
605 606 100
606 607 85
607 608 50
608 609 100
609 610 52
610 611 5
611 612 3
612 613 81
613 614 99
614 615 2
615 616 22
616 617 38
617 618 25
618 619 96
619 620 45
620 621 80
621 622 84
622 623 41
623 624 20
624 625 67
625 626 77
626 627 66
627 628 57
628 629 53
629 630 75
630 631 1
631 632 35
632 633 82
633 634 32
634 635 72
635 636 41
636 637 39
637 638 79
638 639 93
639 640 91
640 641 2
641 642 73
642 643 65
643 644 23
644 645 8
645 646 40
646 647 92
647 648 17
648 649 16
649 650 58
650 651 96
651 652 44
652 653 33
653 654 19
654 655 84
655 656 30
656 657 4
657 658 88
658 659 12
659 660 35
660 661 34
661 662 23
662 663 74
663 664 57
664 665 65
665 666 6
666 667 22
667 668 12
668 669 49
669 670 39
670 671 70
671 672 92
672 673 90
673 674 77
674 675 18
675 676 68
676 677 82
677 678 47
678 679 97
679 680 9
680 681 48
681 682 79
682 683 58
683 684 87
684 685 47
685 686 11
686 687 86
687 688 62
688 689 76
689 690 9
690 691 97
691 692 15
692 693 20
693 694 17
694 695 63
695 696 54
696 697 37
697 698 45
698 699 35
699 700 8
700 701 51
701 702 20
702 703 81
703 704 59
704 705 77
705 706 90
706 707 89
707 708 76
708 709 73
709 710 45
710 711 41
711 712 90
712 713 75
713 714 3
714 715 20
715 716 32
716 717 24
717 718 83
718 719 44
719 720 12
720 721 93
721 722 70
722 723 57
723 724 91
724 725 82
725 726 2
726 727 49
727 728 43
728 729 38
729 730 68
730 731 21
731 732 31
732 733 26
733 734 55
734 735 71
735 736 76
736 737 67
737 738 49
738 739 43
739 740 30
740 741 81
741 742 31
742 743 41
743 744 30
744 745 63
745 746 11
746 747 37
747 748 41
748 749 15
749 750 62
750 751 90
751 752 42
752 753 16
753 754 49
754 755 6
755 756 4
756 757 38
757 758 42
758 759 28
759 760 37
760 761 2
761 762 50
762 763 75
763 764 5
764 765 95
765 766 74
766 767 41
767 768 8
768 769 5
769 770 61
770 771 52
771 772 16
772 773 31
773 774 87
774 775 17
775 776 8
776 777 90
777 778 94
778 779 98
779 780 73
780 781 55
781 782 45
782 783 11
783 784 68
784 785 32
785 786 16
786 787 36
787 788 4
788 789 58
789 790 13
790 791 30
791 792 42
792 793 92
793 794 96
794 795 63
795 796 80
796 797 54
797 798 71
798 799 87
799 800 83
800 801 46
801 802 85
802 803 48
803 804 12
804 805 56
805 806 40
806 807 31
807 808 46
808 809 79
809 810 54
810 811 61
811 812 73
812 813 12
813 814 97
814 815 83
815 816 79
816 817 7
817 818 27
818 819 13
819 820 50
820 821 38
821 822 26
822 823 56
823 824 59
824 825 21
825 826 95
826 827 94
827 828 77
828 829 66
829 830 98
830 831 12
831 832 45
832 833 96
833 834 22
834 835 4
835 836 59
836 837 31
837 838 84
838 839 3
839 840 71
840 841 42
841 842 52
842 843 42
843 844 22
844 845 62
845 846 54
846 847 23
847 848 60
848 849 70
849 850 7
850 851 16
851 852 59
852 853 83
853 854 6
854 855 53
855 856 1
856 857 91
857 858 86
858 859 37
859 860 72
860 861 97
861 862 82
862 863 94
863 864 57
864 865 35
865 866 18
866 867 43
867 868 30
868 869 33
869 870 50
870 871 94
871 872 71
872 873 79
873 874 74
874 875 47
875 876 93
876 877 68
877 878 78
878 879 50
879 880 13
880 881 44
881 882 37
882 883 46
883 884 82
884 885 17
885 886 48
886 887 69
887 888 98
888 889 60
889 890 57
890 891 65
891 892 78
892 893 2
893 894 73
894 895 21
895 896 88
896 897 4
897 898 71
898 899 56
899 900 1
900 901 4
901 902 73
902 903 39
903 904 15
904 905 88
905 906 21
906 907 67
907 908 5
908 909 49
909 910 28
910 911 51
911 912 59
912 913 65
913 914 20
914 915 20
915 916 80
916 917 57
917 918 68
918 919 28
919 920 12
920 921 23
921 922 32
922 923 72
923 924 34
924 925 12
925 926 12
926 927 23
927 928 40
928 929 34
929 930 86
930 931 63
931 932 40
932 933 67
933 934 2
934 935 59
935 936 48
936 937 5
937 938 45
938 939 10
939 940 16
940 941 1
941 942 39
942 943 90
943 944 11
944 945 89
945 946 75
946 947 29
947 948 34
948 949 75
949 950 3
950 951 85
951 952 36
952 953 95
953 954 53
954 955 27
955 956 4
956 957 16
957 958 28
958 959 44
959 960 78
960 961 79
961 962 59
962 963 26
963 964 67
964 965 34
965 966 43
966 967 6
967 968 36
968 969 11
969 970 64
970 971 90
971 972 3
972 973 32
973 974 43
974 975 79
975 976 28
976 977 36
977 978 51
978 979 49
979 980 93
980 981 91
981 982 78
982 983 54
983 984 5
984 985 40
985 986 58
986 987 34
987 988 55
988 989 16
989 990 83
990 991 78
991 992 14
992 993 8
993 994 60
994 995 54
995 996 41
996 997 26
997 998 26
998 999 52
440 853 16
606 152 96
790 681 86
804 579 95
594 824 48
398 215 23
25 237 10
835 921 15
387 781 95
48 607 2
468 751 97
745 979 48
914 700 19
753 728 30
318 125 49
62 45 40
388 794 47
232 731 92
666 135 81
280 665 31
796 473 6
11 279 61
118 11 43
193 597 86
992 216 58
322 562 75
163 513 3
513 288 91
514 111 66
389 734 62
309 622 10
939 767 39
834 136 29
909 360 47
491 809 56
118 621 4
737 456 2
695 132 63
449 265 65
935 763 46
769 869 50
441 655 53
301 34 66
498 859 84
749 739 3
596 741 54
589 834 76
57 101 1
176 308 64
914 353 81
567 225 28
81 520 98
356 324 11
697 608 10
727 31 21
497 355 51
167 801 68
701 174 98
740 699 41
858 23 7
13 98 19
720 375 73
538 84 97
91 952 36
616 210 92
530 980 24
640 856 90
104 857 2
887 595 69
436 583 26
987 847 38
53 348 88
279 525 9
610 432 49
151 7 3
591 897 16
449 167 16
602 85 68
51 469 12
635 245 15
27 39 71
484 164 7
294 661 24
310 530 71
332 219 11
425 823 32
865 878 71
273 907 69
650 166 81
827 681 70
242 391 49
97 856 45
282 479 76
233 408 36
937 645 52
716 408 36
305 99 14
131 840 62
361 46 15
467 307 45
894 35 59
600 862 5
574 555 58
376 34 43
557 873 44
192 827 55
160 534 37
580 774 84
898 547 6
334 353 88
298 991 75
30 949 26
598 132 3
588 935 55
343 504 85
15 392 12
906 219 1
858 119 78
21 62 99
717 571 21
454 0 62
429 904 25
23 285 76
853 74 33
323 779 11
691 208 5
450 282 67
62 293 86
83 300 11
441 860 39
329 354 55
784 151 88
510 454 75
256 347 59
91 864 81
623 583 35
133 339 94
746 276 40
34 439 31
241 891 72
703 551 19
781 167 49
861 501 66
327 100 53
51 114 14
309 679 90
502 820 24
268 127 95
753 458 53
18 259 94
382 676 3
379 450 54
718 137 45
826 971 32
679 220 57
806 613 49
574 635 68
534 531 64
418 629 34
495 333 10
267 515 88
548 491 3
913 2 4
999 315 43
993 115 30
99 552 57
100 898 36
845 822 64
261 763 16
696 255 95
218 912 59
372 971 64
322 752 59
764 488 7
82 496 87
592 788 81
717 611 53
314 899 46
976 233 37
7 786 9
955 72 12
145 544 1
950 983 60
915 684 94
399 48 78
673 92 64
83 710 34
924 904 19
782 277 18
311 291 47
777 230 35
339 695 50
654 798 92
979 542 26
151 697 72
203 957 84
868 179 86
321 762 53
337 800 7
32 665 3
105 929 59
333 820 26
975 94 11
729 243 55
716 203 62
637 316 79
796 359 20
803 481 72
472 696 80
710 173 41
348 487 75
767 912 93
829 517 6
20 853 59
948 505 71
717 557 66
470 431 54
544 827 41
905 810 45
355 441 1
741 661 14
455 835 59
43 717 95
387 775 8
365 258 36
834 11 53
929 740 47
743 781 85
786 251 37
753 578 33
460 397 96
650 764 22
770 314 50
606 398 100
398 49 32
903 125 23
763 540 64
209 829 8
211 992 11
649 24 44
337 518 35
407 172 28
586 958 98
959 143 64
955 570 36
399 342 97
556 620 74
474 686 11
660 886 67
677 993 41
748 757 66
591 369 11
827 144 47
64 86 86
577 266 93
824 210 68
944 377 69
291 115 49
604 689 43
609 218 83
447 47 25
322 652 48
591 552 10
997 680 45
743 993 24
306 638 59
698 790 37
927 771 7
902 209 49
326 874 38
37 879 82
384 869 75
198 194 96
775 593 72
118 515 94
591 771 59
191 580 17
142 835 89
674 61 32
57 426 57
97 686 36
895 407 89
19 390 29
602 670 97
322 523 64
363 826 19
912 555 24
145 48 80
954 507 26
588 101 59
142 437 44
537 995 85
669 273 86
121 912 81
544 735 17
117 113 80
53 50 72
945 391 22
169 771 92
238 660 6
173 513 3
938 100 30
800 180 24
93 229 62
753 901 57
398 354 64
755 641 48
855 964 16
566 615 25
432 870 39
148 15 68
220 740 58
549 713 87
255 654 51
604 539 22
385 341 54
873 272 43
453 772 2
729 605 70
704 513 77
18 684 21
647 767 54
977 693 80
231 394 88
503 763 78
418 326 31
724 710 99
519 991 92
482 322 9
936 416 61
564 840 84
107 829 37
871 599 79
443 990 76
566 962 71
985 470 33
791 812 35
479 305 16
970 262 51
492 349 78
198 319 39
67 622 13
163 662 81
211 29 61
166 395 75
149 373 43
835 957 99
250 864 54
376 801 94
881 99 38
34 713 34
384 949 39
269 577 49
797 428 18
280 386 58
93 255 21
408 278 60
814 292 27
206 557 38
565 700 90
191 151 62
830 873 77
961 463 46
117 696 75
404 562 62
678 119 75
227 406 45
423 868 99
483 535 59
407 226 82
285 562 56
826 164 11
282 681 50
164 480 19
638 328 65
481 879 46
935 388 90
826 579 46
779 117 44
294 361 26
992 930 97
582 86 71
473 221 15
888 26 16
358 831 73
284 207 55
482 235 62
46 121 82
490 986 64
473 227 68
114 792 13
91 882 86
826 405 25
950 300 39
61 71 24
89 768 12
925 89 44
441 838 50
258 325 58
592 211 67
647 858 16
18 30 46
936 557 80
337 25 36
504 776 41
634 974 56
764 555 22
313 605 61
940 170 28
474 972 73
802 545 74
285 744 39
839 728 57
2 702 47
949 460 69
389 34 20
352 784 68
974 55 69
303 859 50
681 14 90
422 210 93
946 606 92
527 961 40
281 742 10
974 468 37
797 337 17
852 315 90
689 900 58
458 444 91
237 376 89
790 36 1
970 69 83
549 188 78
876 620 76
409 374 78
518 46 73
991 516 32
224 387 73
892 80 74
676 917 58
18 643 70
682 211 82
851 146 93
344 925 100
411 710 35
361 786 80
157 688 24
338 859 33
145 46 21
421 205 43
399 647 3
912 0 90
121 709 30
666 860 4
133 492 97
740 981 28
783 254 95
195 320 6
674 858 86
243 359 57
722 156 20
885 170 85
514 912 25
437 237 54
541 47 13
168 347 76
489 471 71
231 943 79
266 407 76
562 406 43
425 832 53
473 998 67
226 104 52
574 896 82
416 571 89
906 726 73
187 647 41
555 396 4
744 356 28
482 140 84
919 878 32
139 170 32
583 497 24
19 254 54
241 442 67
846 833 59
717 504 25
931 468 97
117 793 43
515 760 5
833 588 62
41 592 60
542 975 21
277 953 25
274 138 88
336 175 8
685 839 38
444 357 54
182 209 47
975 668 28
691 522 67
