50
75
0 1 16
1 2 9
2 3 12
3 4 8
4 5 16
5 6 11
6 7 3
7 8 18
8 9 11
9 10 8
10 11 18
11 12 3
12 13 5
13 14 12
14 15 4
15 16 12
16 17 11
17 18 8
18 19 7
19 20 3
20 21 11
21 22 20
22 23 20
23 24 14
24 25 3
25 26 3
26 27 20
27 28 11
28 29 14
29 30 1
30 31 8
31 32 11
32 33 9
33 34 14
34 35 4
35 36 7
36 37 15
37 38 9
38 39 19
39 40 15
40 41 5
41 42 9
42 43 20
43 44 7
44 45 18
45 46 19
46 47 4
47 48 14
48 49 20
44 7 18
31 27 17
34 43 5
31 36 17
19 5 12
48 33 5
0 22 1
37 43 14
30 41 18
14 10 19
6 8 9
24 15 11
2 40 17
3 5 8
43 16 17
26 29 19
26 49 13
30 5 13
7 23 2
1 4 15
42 40 19
0 19 11
22 34 17
31 5 10
10 27 7
7 42 3
