1000
1500
0 1 64
1 2 35
2 3 47
3 4 82
4 5 32
5 6 89
6 7 61
7 8 99
8 9 43
9 10 11
10 11 69
11 12 41
12 13 29
13 14 87
14 15 72
15 16 11
16 17 20
17 18 45
18 19 13
19 20 45
20 21 41
21 22 29
22 23 25
23 24 9
24 25 43
25 26 78
26 27 78
27 28 55
28 29 82
29 30 12
30 31 9
31 32 89
32 33 78
33 34 43
34 35 89
35 36 83
36 37 56
37 38 1
38 39 30
39 40 44
40 41 35
41 42 56
42 43 90
43 44 14
44 45 26
45 46 57
46 47 35
47 48 89
48 49 75
49 50 59
50 51 17
51 52 35
52 53 80
53 54 27
54 55 69
55 56 75
56 57 16
57 58 53
58 59 88
59 60 80
60 61 90
61 62 16
62 63 81
63 64 70
64 65 64
65 66 55
66 67 67
67 68 69
68 69 87
69 70 17
70 71 64
71 72 74
72 73 67
73 74 39
74 75 12
75 76 48
76 77 98
77 78 67
78 79 20
79 80 1
80 81 46
81 82 2
82 83 76
83 84 88
84 85 53
85 86 61
86 87 84
87 88 69
88 89 29
89 90 21
90 91 93
91 92 74
92 93 13
93 94 18
94 95 33
95 96 49
96 97 32
97 98 44
98 99 5
99 100 81
100 101 67
101 102 7
102 103 11
103 104 83
104 105 31
105 106 88
106 107 34
107 108 68
108 109 54
109 110 60
110 111 74
111 112 54
112 113 99
113 114 51
114 115 61
115 116 12
116 117 52
117 118 16
118 119 47
119 120 7
120 121 100
121 122 100
122 123 3
123 124 9
124 125 57
125 126 86
126 127 82
127 128 73
128 129 2
129 130 40
130 131 41
131 132 45
132 133 70
133 134 83
134 135 88
135 136 67
136 137 64
137 138 12
138 139 39
139 140 21
140 141 56
141 142 26
142 143 15
143 144 85
144 145 12
145 146 2
146 147 21
147 148 17
148 149 7
149 150 19
150 151 4
151 152 40
152 153 88
153 154 95
154 155 46
155 156 3
156 157 23
157 158 65
158 159 7
159 160 31
160 161 75
161 162 91
162 163 40
163 164 90
164 165 76
165 166 4
166 167 20
167 168 64
168 169 52
169 170 56
170 171 45
171 172 70
172 173 20
173 174 29
174 175 4
175 176 67
176 177 78
177 178 37
178 179 84
179 180 43
180 181 49
181 182 42
182 183 6
183 184 19
184 185 69
185 186 62
186 187 37
187 188 17
188 189 15
189 190 41
190 191 49
191 192 92
192 193 33
193 194 66
194 195 70
195 196 16
196 197 13
197 198 72
198 199 9
199 200 4
200 201 14
201 202 39
202 203 81
203 204 63
204 205 60
205 206 33
206 207 38
207 208 86
208 209 79
209 210 32
210 211 34
211 212 29
212 213 74
213 214 85
214 215 26
215 216 32
216 217 39
217 218 32
218 219 7
219 220 72
220 221 64
221 222 24
222 223 31
223 224 15
224 225 90
225 226 36
226 227 93
227 228 49
228 229 98
229 230 1
230 231 94
231 232 37
232 233 72
233 234 13
234 235 21
235 236 86
236 237 56
237 238 30
238 239 63
239 240 51
240 241 97
241 242 70
242 243 7
243 244 68
244 245 40
245 246 64
246 247 16
247 248 21
248 249 22
249 250 99
250 251 43
251 252 65
252 253 26
253 254 4
254 255 30
255 256 25
256 257 64
257 258 37
258 259 91
259 260 87
260 261 60
261 262 82
262 263 82
263 264 69
264 265 72
265 266 15
266 267 28
267 268 5
268 269 46
269 270 4
270 271 25
271 272 12
272 273 29
273 274 19
274 275 14
275 276 91
276 277 57
277 278 16
278 279 33
279 280 94
280 281 64
281 282 28
282 283 22
283 284 47
284 285 50
285 286 80
286 287 8
287 288 14
288 289 11
289 290 98
290 291 47
291 292 52
292 293 80
293 294 4
294 295 6
295 296 49
296 297 61
297 298 77
298 299 41
299 300 55
300 301 100
301 302 16
302 303 68
303 304 62
304 305 60
305 306 32
306 307 59
307 308 81
308 309 89
309 310 71
310 311 68
311 312 16
312 313 96
313 314 16
314 315 32
315 316 86
316 317 20
317 318 69
318 319 2
319 320 61
320 321 38
321 322 39
322 323 68
323 324 86
324 325 73
325 326 50
326 327 94
327 328 72
328 329 78
329 330 49
330 331 68
331 332 20
332 333 76
333 334 18
334 335 5
335 336 68
336 337 28
337 338 51
338 339 50
339 340 36
340 341 44
341 342 87
342 343 48
343 344 44
344 345 40
345 346 45
346 347 40
347 348 61
348 349 20
349 350 14
350 351 10
351 352 96
352 353 85
353 354 69
354 355 69
355 356 43
356 357 70
357 358 82
358 359 56
359 360 53
360 361 61
361 362 70
362 363 3
363 364 55
364 365 27
365 366 19
366 367 81
367 368 74
368 369 98
369 370 40
370 371 59
371 372 84
372 373 43
373 374 5
374 375 43
375 376 32
376 377 21
377 378 32
378 379 67
379 380 46
380 381 1
381 382 100
382 383 86
383 384 48
384 385 32
385 386 13
386 387 65
387 388 52
388 389 94
389 390 87
390 391 55
391 392 43
392 393 68
393 394 87
394 395 77
395 396 44
396 397 58
397 398 37
398 399 58
399 400 83
400 401 83
401 402 25
402 403 23
403 404 73
404 405 55
405 406 89
406 407 51
407 408 99
408 409 59
409 410 97
410 411 90
411 412 43
412 413 36
413 414 48
414 415 75
415 416 55
416 417 84
417 418 8
418 419 53
419 420 44
420 421 87
421 422 32
422 423 13
423 424 6
424 425 69
425 426 45
426 427 79
427 428 82
428 429 96
429 430 86
430 431 59
431 432 8
432 433 45
433 434 83
434 435 70
435 436 62
436 437 23
437 438 35
438 439 53
439 440 64
440 441 34
441 442 26
442 443 4
443 444 40
444 445 79
445 446 80
446 447 12
447 448 85
448 449 44
449 450 10
450 451 93
451 452 48
452 453 99
453 454 47
454 455 8
455 456 47
456 457 10
457 458 2
458 459 57
459 460 9
460 461 75
461 462 38
462 463 51
463 464 90
464 465 15
465 466 85
466 467 92
467 468 17
468 469 64
469 470 88
470 471 54
471 472 22
472 473 70
473 474 67
474 475 18
475 476 30
476 477 37
477 478 3
478 479 91
479 480 7
480 481 33
481 482 55
482 483 97
483 484 55
484 485 67
485 486 58
486 487 69
487 488 30
488 489 4
489 490 24
490 491 92
491 492 98
492 493 29
493 494 38
494 495 34
495 496 91
496 497 86
497 498 97
498 499 46
499 500 47
500 501 94
501 502 84
502 503 30
503 504 76
504 505 60
505 506 80
506 507 64
507 508 50
508 509 30
509 510 80
510 511 60
511 512 99
512 513 90
513 514 87
514 515 36
515 516 51
516 517 74
517 518 75
518 519 45
519 520 99
520 521 85
521 522 31
522 523 95
523 524 24
524 525 66
525 526 61
526 527 68
527 528 67
528 529 36
529 530 77
530 531 72
531 532 29
532 533 13
533 534 100
534 535 19
535 536 71
536 537 48
537 538 70
538 539 13
539 540 36
540 541 14
541 542 91
542 543 51
543 544 67
544 545 51
545 546 32
546 547 37
547 548 16
548 549 41
549 550 16
550 551 45
551 552 64
552 553 21
553 554 21
554 555 99
555 556 2
556 557 94
557 558 5
558 559 32
559 560 4
560 561 94
561 562 90
562 563 11
563 564 69
564 565 57
565 566 42
566 567 71
567 568 33
568 569 22
569 570 1
570 571 70
571 572 42
572 573 92
573 574 79
574 575 47
575 576 94
576 577 96
577 578 70
578 579 92
579 580 93
580 581 8
581 582 92
582 583 80
583 584 91
584 585 63
585 586 56
586 587 97
587 588 71
588 589 84
589 590 4
590 591 67
591 592 1
592 593 39
593 594 76
594 595 55
595 596 60
596 597 93
597 598 50
598 599 23
599 600 51
600 601 16
601 602 58
602 603 44
603 604 9
604 605 94
605 606 37
606 607 85
607 608 56
608 609 44
609 610 70
610 611 68
611 612 14
612 613 64
613 614 91
614 615 15
615 616 88
616 617 25
617 618 22
618 619 82
619 620 59
620 621 26
621 622 78
622 623 58
623 624 7
624 625 77
625 626 100
626 627 97
627 628 48
628 629 18
629 630 93
630 631 69
631 632 19
632 633 6
633 634 71
634 635 92
635 636 100
636 637 54
637 638 48
638 639 63
639 640 42
640 641 57
641 642 80
642 643 59
643 644 66
644 645 51
645 646 57
646 647 43
647 648 22
648 649 61
649 650 68
650 651 20
651 652 35
652 653 8
653 654 8
654 655 31
655 656 13
656 657 37
657 658 11
658 659 90
659 660 63
660 661 26
661 662 63
662 663 70
663 664 64
664 665 67
665 666 19
666 667 70
667 668 76
668 669 50
669 670 52
670 671 16
671 672 94
672 673 14
673 674 51
674 675 89
675 676 74
676 677 76
677 678 23
678 679 5
679 680 23
680 681 91
681 682 50
682 683 52
683 684 85
684 685 69
685 686 94
686 687 44
687 688 39
688 689 100
689 690 39
690 691 78
691 692 17
692 693 35
693 694 69
694 695 45
695 696 59
696 697 95
697 698 62
698 699 8
699 700 33
700 701 59
701 702 64
702 703 73
703 704 58
704 705 10
705 706 35
706 707 63
707 708 75
708 709 23
709 710 44
710 711 30
711 712 74
712 713 58
713 714 18
714 715 40
715 716 78
716 717 69
717 718 100
718 719 74
719 720 30
720 721 64
721 722 3
722 723 48
723 724 43
724 725 82
725 726 24
726 727 1
727 728 51
728 729 2
729 730 74
730 731 15
731 732 55
732 733 23
733 734 74
734 735 99
735 736 8
736 737 74
737 738 72
738 739 11
739 740 56
740 741 59
741 742 79
742 743 38
743 744 12
744 745 79
745 746 54
746 747 21
747 748 80
748 749 32
749 750 60
750 751 65
751 752 91
752 753 79
753 754 14
754 755 66
755 756 48
756 757 8
757 758 37
758 759 68
759 760 83
760 761 19
761 762 16
762 763 100
763 764 1
764 765 90
765 766 12
766 767 48
767 768 27
768 769 40
769 770 37
770 771 61
771 772 46
772 773 18
773 774 30
774 775 67
775 776 62
776 777 94
777 778 91
778 779 97
779 780 65
780 781 91
781 782 75
782 783 73
783 784 32
784 785 78
785 786 42
786 787 69
787 788 80
788 789 17
789 790 30
790 791 36
791 792 11
792 793 20
793 794 13
794 795 36
795 796 94
796 797 34
797 798 66
798 799 42
799 800 30
800 801 7
801 802 56
802 803 73
803 804 35
804 805 22
805 806 75
806 807 72
807 808 8
808 809 93
809 810 20
810 811 56
811 812 69
812 813 56
813 814 28
814 815 54
815 816 11
816 817 66
817 818 37
818 819 6
819 820 74
820 821 98
821 822 4
822 823 50
823 824 95
824 825 99
825 826 36
826 827 94
827 828 67
828 829 5
829 830 91
830 831 1
831 832 7
832 833 9
833 834 66
834 835 27
835 836 23
836 837 70
837 838 50
838 839 5
839 840 53
840 841 29
841 842 92
842 843 71
843 844 55
844 845 94
845 846 20
846 847 30
847 848 28
848 849 76
849 850 47
850 851 23
851 852 75
852 853 55
853 854 49
854 855 68
855 856 27
856 857 8
857 858 12
858 859 83
859 860 71
860 861 66
861 862 18
862 863 62
863 864 82
864 865 33
865 866 70
866 867 73
867 868 93
868 869 41
869 870 97
870 871 66
871 872 48
872 873 2
873 874 49
874 875 95
875 876 49
876 877 31
877 878 100
878 879 68
879 880 99
880 881 86
881 882 5
882 883 27
883 884 77
884 885 84
885 886 10
886 887 64
887 888 54
888 889 20
889 890 25
890 891 40
891 892 41
892 893 7
893 894 44
894 895 78
895 896 78
896 897 52
897 898 69
898 899 53
899 900 56
900 901 76
901 902 33
902 903 50
903 904 42
904 905 69
905 906 58
906 907 41
907 908 49
908 909 87
909 910 50
910 911 44
911 912 23
912 913 23
913 914 10
914 915 22
915 916 55
916 917 41
917 918 79
918 919 93
919 920 60
920 921 35
921 922 57
922 923 51
923 924 67
924 925 58
925 926 99
926 927 9
927 928 10
928 929 94
929 930 26
930 931 53
931 932 11
932 933 13
933 934 70
934 935 43
935 936 68
936 937 48
937 938 52
938 939 63
939 940 14
940 941 75
941 942 57
942 943 22
943 944 75
944 945 75
945 946 52
946 947 59
947 948 55
948 949 7
949 950 12
950 951 71
951 952 16
952 953 19
953 954 100
954 955 55
955 956 58
956 957 12
957 958 66
958 959 44
959 960 17
960 961 19
961 962 54
962 963 55
963 964 59
964 965 10
965 966 76
966 967 95
967 968 21
968 969 92
969 970 21
970 971 56
971 972 88
972 973 59
973 974 3
974 975 46
975 976 29
976 977 56
977 978 54
978 979 29
979 980 62
980 981 36
981 982 68
982 983 27
983 984 32
984 985 90
985 986 96
986 987 91
987 988 12
988 989 92
989 990 59
990 991 83
991 992 43
992 993 47
993 994 61
994 995 59
995 996 48
996 997 82
997 998 100
998 999 69
135 528 99
238 853 79
568 288 87
154 854 8
979 698 51
194 442 60
93 506 79
315 926 37
352 940 91
835 564 29
21 153 90
343 601 55
369 551 14
777 115 6
430 849 60
815 994 67
844 265 8
125 254 93
71 663 77
863 157 14
593 550 88
50 99 46
476 546 1
784 143 30
383 225 85
172 567 28
697 580 71
636 260 51
96 716 67
131 312 67
697 123 7
15 328 75
613 34 72
916 90 68
87 510 71
740 294 72
935 124 94
196 469 42
159 140 81
731 209 39
80 304 38
915 374 58
707 257 67
385 377 35
915 966 72
758 989 80
162 275 79
0 828 66
490 683 18
952 270 45
987 41 10
51 785 73
169 752 68
908 478 42
180 244 83
186 214 86
326 399 49
151 167 72
481 511 52
701 502 3
719 291 67
844 619 67
355 317 14
160 651 93
405 980 6
725 287 20
240 88 15
196 572 75
87 72 73
781 998 48
754 194 51
598 106 65
150 525 23
857 823 81
560 364 8
979 403 88
56 666 75
716 225 93
596 226 64
538 921 82
329 961 25
148 814 77
421 286 56
49 133 97
804 503 44
564 491 38
428 589 36
706 38 19
995 277 56
219 351 3
298 306 20
430 440 99
853 527 64
590 955 1
867 796 10
685 594 50
780 440 82
920 38 85
553 481 90
800 787 61
194 57 49
170 193 15
474 51 95
206 902 95
99 215 78
780 657 53
207 141 42
858 375 49
881 504 96
964 349 9
25 8 43
870 640 50
691 528 68
72 434 78
495 211 65
838 222 93
789 527 76
880 900 32
109 639 53
792 787 96
847 35 97
629 802 92
353 369 30
766 557 54
31 531 89
827 168 75
588 724 27
982 537 55
22 34 16
744 14 90
160 281 82
296 746 83
262 823 22
436 667 45
852 944 27
548 108 55
450 721 95
932 432 15
292 19 43
677 247 74
528 867 27
642 749 87
995 417 100
612 208 37
656 848 39
432 937 54
853 324 77
406 893 60
340 15 89
101 491 69
784 893 74
644 23 81
470 680 16
539 389 89
98 772 60
558 569 46
502 315 84
132 953 9
251 890 5
975 315 42
417 429 13
836 167 63
178 84 89
196 296 53
488 613 50
877 752 56
933 267 95
609 664 67
869 393 82
104 403 69
64 371 47
823 378 51
991 329 1
864 764 75
151 123 86
115 631 8
107 89 12
332 380 60
404 117 61
654 516 100
730 130 82
870 296 92
940 615 4
413 768 65
898 320 57
509 305 31
221 134 21
86 95 52
244 550 65
962 399 27
332 313 42
746 654 41
447 869 96
854 587 63
930 383 37
947 731 12
557 799 81
119 297 31
842 336 98
112 789 80
121 390 77
179 565 93
672 624 17
555 714 2
950 887 47
312 862 39
121 360 73
937 148 77
885 836 64
187 210 68
763 880 82
64 272 85
33 341 13
673 995 61
16 434 68
284 567 22
634 597 69
340 2 65
433 323 29
702 387 80
898 297 44
936 431 59
694 287 84
190 496 11
110 491 46
504 681 85
825 277 18
778 851 92
176 809 72
96 60 23
773 182 3
77 485 33
343 896 47
334 179 10
917 454 96
772 720 9
25 234 78
581 84 10
783 247 11
93 502 34
119 575 77
291 649 82
262 873 67
668 475 65
600 191 95
469 319 79
6 195 83
546 583 60
195 175 93
308 747 39
859 504 51
210 703 90
336 389 78
358 278 19
788 347 18
362 879 37
184 3 11
722 486 55
274 905 76
434 477 6
687 28 50
707 478 97
8 901 49
652 870 18
40 118 77
816 299 99
248 338 72
501 96 41
175 762 95
257 136 34
315 176 96
19 772 75
33 449 98
481 537 17
290 918 64
937 822 97
835 364 14
201 197 95
592 251 8
932 748 66
144 881 26
923 821 66
263 445 59
23 774 100
890 133 95
67 315 97
391 508 9
465 324 72
594 382 97
563 722 61
283 885 38
550 146 50
784 953 19
859 883 12
454 271 35
582 539 81
900 537 50
556 685 31
314 1 53
89 142 28
19 164 19
722 470 81
179 946 41
316 408 2
350 314 72
641 275 83
948 559 73
455 557 76
404 409 88
916 10 99
743 858 51
637 138 10
806 185 24
796 507 50
493 338 88
202 628 3
163 337 11
877 996 61
594 147 58
343 515 44
78 404 91
666 518 69
587 284 93
195 814 36
797 445 96
956 992 85
823 464 68
988 683 92
174 487 93
415 860 66
652 757 88
876 990 88
643 72 76
805 627 61
196 443 37
829 751 46
356 515 25
556 300 91
366 442 93
513 401 11
364 632 69
123 201 20
935 811 65
162 313 55
237 465 15
459 134 38
542 304 95
374 790 76
855 156 2
415 636 26
882 237 54
125 570 5
550 935 76
342 205 60
616 485 79
312 770 18
827 354 42
948 648 45
749 958 66
233 936 81
261 119 8
796 765 51
577 881 24
797 535 99
693 626 14
615 949 43
256 193 16
83 154 89
92 752 95
646 666 74
212 79 77
666 595 5
502 282 32
307 291 70
704 282 16
789 438 98
913 78 94
847 302 54
363 905 79
543 369 27
960 626 79
829 516 36
95 761 19
22 953 62
161 532 68
743 284 63
436 607 81
541 666 36
242 491 36
412 836 79
439 911 34
767 142 78
226 455 66
529 614 33
109 197 78
454 784 76
885 163 61
445 100 94
904 813 48
245 316 50
26 499 57
392 282 44
257 99 50
452 91 59
907 214 47
502 627 47
810 923 49
401 873 93
62 676 76
933 43 11
806 90 92
873 618 74
357 693 96
511 788 96
575 888 17
322 71 68
343 952 60
541 701 91
14 852 71
740 868 25
416 298 73
605 454 34
664 885 57
215 752 3
980 287 3
726 300 12
92 608 44
554 451 51
369 492 85
311 707 44
893 942 97
704 695 62
220 900 2
962 809 36
283 300 6
37 742 96
360 166 73
519 506 79
946 663 88
317 770 79
619 812 84
806 912 31
172 849 48
159 945 80
82 244 5
805 114 94
16 196 53
149 726 41
835 5 6
904 384 6
831 120 40
810 661 35
267 846 31
373 830 63
915 886 97
411 861 77
147 30 95
76 844 98
269 158 68
642 825 72
137 872 59
908 879 47
265 125 55
640 420 62
240 744 51
527 749 59
515 183 76
478 729 97
436 707 1
765 995 59
259 393 71
599 659 85
870 620 56
742 327 62
482 167 16
545 326 46
953 960 11
773 995 24
317 381 6
326 645 64
302 200 21
791 294 26
836 805 72
494 732 15
393 738 18
333 397 45
308 729 14
978 361 59
888 126 7
303 271 2
111 956 3
126 413 25
538 996 36
800 887 90
92 128 18
864 428 61
608 528 81
896 496 94
565 314 44
340 987 74
326 3 74
