1000
1500
0 1 53
1 2 67
2 3 70
3 4 90
4 5 15
5 6 23
6 7 49
7 8 29
8 9 38
9 10 4
10 11 29
11 12 15
12 13 73
13 14 2
14 15 13
15 16 21
16 17 100
17 18 66
18 19 89
19 20 39
20 21 89
21 22 82
22 23 49
23 24 76
24 25 52
25 26 99
26 27 89
27 28 86
28 29 42
29 30 46
30 31 10
31 32 44
32 33 37
33 34 80
34 35 21
35 36 15
36 37 66
37 38 9
38 39 76
39 40 13
40 41 35
41 42 41
42 43 14
43 44 81
44 45 38
45 46 5
46 47 45
47 48 50
48 49 13
49 50 62
50 51 61
51 52 25
52 53 25
53 54 17
54 55 34
55 56 96
56 57 32
57 58 100
58 59 7
59 60 6
60 61 87
61 62 88
62 63 56
63 64 91
64 65 5
65 66 95
66 67 92
67 68 89
68 69 95
69 70 84
70 71 43
71 72 48
72 73 61
73 74 81
74 75 59
75 76 76
76 77 70
77 78 20
78 79 30
79 80 62
80 81 59
81 82 95
82 83 88
83 84 45
84 85 79
85 86 95
86 87 6
87 88 36
88 89 21
89 90 2
90 91 29
91 92 2
92 93 75
93 94 97
94 95 78
95 96 83
96 97 72
97 98 70
98 99 37
99 100 46
100 101 73
101 102 26
102 103 52
103 104 15
104 105 47
105 106 44
106 107 15
107 108 29
108 109 78
109 110 92
110 111 8
111 112 56
112 113 98
113 114 7
114 115 87
115 116 80
116 117 61
117 118 16
118 119 19
119 120 23
120 121 83
121 122 95
122 123 1
123 124 80
124 125 84
125 126 38
126 127 83
127 128 9
128 129 35
129 130 10
130 131 1
131 132 56
132 133 36
133 134 23
134 135 89
135 136 68
136 137 81
137 138 87
138 139 25
139 140 8
140 141 36
141 142 62
142 143 34
143 144 9
144 145 66
145 146 97
146 147 77
147 148 43
148 149 70
149 150 63
150 151 9
151 152 37
152 153 63
153 154 39
154 155 52
155 156 52
156 157 39
157 158 71
158 159 58
159 160 10
160 161 41
161 162 33
162 163 17
163 164 17
164 165 85
165 166 17
166 167 10
167 168 57
168 169 51
169 170 84
170 171 45
171 172 57
172 173 11
173 174 36
174 175 74
175 176 99
176 177 18
177 178 36
178 179 96
179 180 69
180 181 65
181 182 47
182 183 32
183 184 5
184 185 90
185 186 30
186 187 72
187 188 63
188 189 10
189 190 65
190 191 35
191 192 53
192 193 89
193 194 18
194 195 58
195 196 33
196 197 17
197 198 30
198 199 77
199 200 47
200 201 68
201 202 15
202 203 41
203 204 42
204 205 64
205 206 19
206 207 1
207 208 11
208 209 52
209 210 82
210 211 88
211 212 89
212 213 52
213 214 49
214 215 74
215 216 81
216 217 96
217 218 88
218 219 65
219 220 58
220 221 29
221 222 29
222 223 21
223 224 89
224 225 19
225 226 95
226 227 1
227 228 43
228 229 40
229 230 2
230 231 69
231 232 90
232 233 28
233 234 78
234 235 17
235 236 22
236 237 25
237 238 70
238 239 3
239 240 10
240 241 16
241 242 13
242 243 51
243 244 69
244 245 65
245 246 7
246 247 82
247 248 40
248 249 52
249 250 17
250 251 36
251 252 81
252 253 21
253 254 87
254 255 80
255 256 89
256 257 9
257 258 42
258 259 70
259 260 76
260 261 41
261 262 84
262 263 80
263 264 37
264 265 3
265 266 5
266 267 27
267 268 15
268 269 25
269 270 3
270 271 22
271 272 10
272 273 23
273 274 72
274 275 15
275 276 21
276 277 55
277 278 90
278 279 35
279 280 49
280 281 48
281 282 32
282 283 75
283 284 36
284 285 20
285 286 39
286 287 34
287 288 99
288 289 52
289 290 99
290 291 21
291 292 85
292 293 23
293 294 62
294 295 23
295 296 37
296 297 58
297 298 63
298 299 61
299 300 37
300 301 39
301 302 89
302 303 74
303 304 57
304 305 64
305 306 49
306 307 62
307 308 59
308 309 15
309 310 89
310 311 36
311 312 75
312 313 25
313 314 33
314 315 29
315 316 62
316 317 83
317 318 100
318 319 23
319 320 45
320 321 6
321 322 47
322 323 29
323 324 55
324 325 55
325 326 40
326 327 5
327 328 35
328 329 69
329 330 90
330 331 56
331 332 13
332 333 1
333 334 30
334 335 69
335 336 39
336 337 3
337 338 23
338 339 100
339 340 82
340 341 27
341 342 86
342 343 87
343 344 42
344 345 85
345 346 91
346 347 82
347 348 44
348 349 57
349 350 64
350 351 1
351 352 74
352 353 76
353 354 7
354 355 38
355 356 22
356 357 84
357 358 29
358 359 98
359 360 73
360 361 44
361 362 86
362 363 2
363 364 45
364 365 22
365 366 8
366 367 86
367 368 62
368 369 7
369 370 89
370 371 10
371 372 40
372 373 50
373 374 16
374 375 21
375 376 57
376 377 34
377 378 8
378 379 30
379 380 68
380 381 4
381 382 46
382 383 10
383 384 7
384 385 7
385 386 3
386 387 71
387 388 99
388 389 92
389 390 72
390 391 44
391 392 84
392 393 64
393 394 15
394 395 70
395 396 43
396 397 58
397 398 30
398 399 91
399 400 69
400 401 63
401 402 4
402 403 6
403 404 2
404 405 51
405 406 3
406 407 94
407 408 72
408 409 82
409 410 12
410 411 15
411 412 78
412 413 100
413 414 29
414 415 81
415 416 78
416 417 74
417 418 71
418 419 56
419 420 72
420 421 89
421 422 7
422 423 50
423 424 62
424 425 76
425 426 67
426 427 87
427 428 28
428 429 10
429 430 69
430 431 49
431 432 15
432 433 83
433 434 68
434 435 100
435 436 18
436 437 27
437 438 13
438 439 33
439 440 36
440 441 36
441 442 30
442 443 69
443 444 44
444 445 11
445 446 80
446 447 66
447 448 49
448 449 90
449 450 71
450 451 4
451 452 43
452 453 26
453 454 54
454 455 2
455 456 90
456 457 90
457 458 58
458 459 52
459 460 18
460 461 2
461 462 51
462 463 32
463 464 26
464 465 25
465 466 98
466 467 73
467 468 41
468 469 55
469 470 43
470 471 54
471 472 43
472 473 6
473 474 51
474 475 42
475 476 60
476 477 82
477 478 71
478 479 69
479 480 34
480 481 76
481 482 47
482 483 21
483 484 6
484 485 62
485 486 98
486 487 63
487 488 92
488 489 77
489 490 85
490 491 14
491 492 36
492 493 40
493 494 31
494 495 94
495 496 99
496 497 37
497 498 73
498 499 77
499 500 68
500 501 28
501 502 59
502 503 2
503 504 79
504 505 11
505 506 25
506 507 63
507 508 40
508 509 31
509 510 68
510 511 87
511 512 30
512 513 42
513 514 21
514 515 36
515 516 1
516 517 3
517 518 69
518 519 12
519 520 54
520 521 61
521 522 72
522 523 100
523 524 79
524 525 31
525 526 78
526 527 30
527 528 91
528 529 69
529 530 26
530 531 63
531 532 39
532 533 73
533 534 42
534 535 19
535 536 51
536 537 39
537 538 82
538 539 71
539 540 79
540 541 52
541 542 48
542 543 67
543 544 6
544 545 48
545 546 35
546 547 10
547 548 6
548 549 100
549 550 11
550 551 71
551 552 45
552 553 67
553 554 3
554 555 97
555 556 52
556 557 71
557 558 82
558 559 82
559 560 64
560 561 45
561 562 87
562 563 21
563 564 2
564 565 21
565 566 34
566 567 63
567 568 94
568 569 83
569 570 54
570 571 5
571 572 34
572 573 70
573 574 9
574 575 1
575 576 41
576 577 50
577 578 83
578 579 90
579 580 34
580 581 2
581 582 24
582 583 14
583 584 83
584 585 93
585 586 59
586 587 81
587 588 33
588 589 25
589 590 40
590 591 4
591 592 5
592 593 23
593 594 45
594 595 56
595 596 55
596 597 37
597 598 56
598 599 68
599 600 11
600 601 39
601 602 2
602 603 53
603 604 97
604 605 26
605 606 15
606 607 82
607 608 60
608 609 49
609 610 58
610 611 100
611 612 66
612 613 88
613 614 32
614 615 25
615 616 41
616 617 91
617 618 48
618 619 50
619 620 100
620 621 3
621 622 20
622 623 41
623 624 94
624 625 67
625 626 62
626 627 38
627 628 67
628 629 50
629 630 7
630 631 74
631 632 31
632 633 77
633 634 55
634 635 37
635 636 3
636 637 89
637 638 66
638 639 56
639 640 13
640 641 44
641 642 23
642 643 80
643 644 59
644 645 86
645 646 16
646 647 87
647 648 40
648 649 16
649 650 66
650 651 7
651 652 19
652 653 79
653 654 11
654 655 7
655 656 89
656 657 12
657 658 6
658 659 24
659 660 17
660 661 17
661 662 33
662 663 81
663 664 2
664 665 49
665 666 44
666 667 8
667 668 92
668 669 26
669 670 66
670 671 80
671 672 4
672 673 96
673 674 71
674 675 31
675 676 56
676 677 3
677 678 5
678 679 22
679 680 16
680 681 59
681 682 48
682 683 60
683 684 69
684 685 94
685 686 95
686 687 27
687 688 47
688 689 48
689 690 17
690 691 91
691 692 83
692 693 11
693 694 64
694 695 5
695 696 7
696 697 52
697 698 31
698 699 35
699 700 89
700 701 47
701 702 54
702 703 46
703 704 88
704 705 100
705 706 57
706 707 95
707 708 71
708 709 37
709 710 4
710 711 97
711 712 60
712 713 20
713 714 47
714 715 76
715 716 22
716 717 41
717 718 19
718 719 44
719 720 35
720 721 94
721 722 5
722 723 27
723 724 13
724 725 72
725 726 86
726 727 91
727 728 86
728 729 4
729 730 85
730 731 56
731 732 38
732 733 76
733 734 53
734 735 56
735 736 5
736 737 51
737 738 17
738 739 96
739 740 12
740 741 57
741 742 86
742 743 84
743 744 30
744 745 6
745 746 72
746 747 95
747 748 12
748 749 96
749 750 21
750 751 27
751 752 48
752 753 10
753 754 78
754 755 100
755 756 86
756 757 3
757 758 34
758 759 6
759 760 84
760 761 55
761 762 84
762 763 16
763 764 78
764 765 89
765 766 83
766 767 45
767 768 83
768 769 35
769 770 30
770 771 19
771 772 19
772 773 37
773 774 88
774 775 54
775 776 80
776 777 9
777 778 21
778 779 15
779 780 94
780 781 81
781 782 34
782 783 40
783 784 94
784 785 11
785 786 30
786 787 18
787 788 14
788 789 68
789 790 54
790 791 5
791 792 51
792 793 14
793 794 93
794 795 37
795 796 32
796 797 80
797 798 5
798 799 82
799 800 92
800 801 32
801 802 8
802 803 37
803 804 51
804 805 90
805 806 75
806 807 96
807 808 46
808 809 25
809 810 31
810 811 100
811 812 22
812 813 41
813 814 80
814 815 99
815 816 8
816 817 95
817 818 33
818 819 95
819 820 24
820 821 54
821 822 29
822 823 92
823 824 61
824 825 7
825 826 79
826 827 42
827 828 19
828 829 11
829 830 32
830 831 5
831 832 65
832 833 2
833 834 39
834 835 75
835 836 48
836 837 1
837 838 54
838 839 95
839 840 56
840 841 55
841 842 74
842 843 56
843 844 54
844 845 70
845 846 79
846 847 80
847 848 50
848 849 47
849 850 82
850 851 74
851 852 67
852 853 53
853 854 5
854 855 55
855 856 8
856 857 52
857 858 58
858 859 82
859 860 63
860 861 96
861 862 55
862 863 53
863 864 56
864 865 53
865 866 31
866 867 93
867 868 88
868 869 54
869 870 92
870 871 87
871 872 21
872 873 63
873 874 15
874 875 27
875 876 17
876 877 23
877 878 19
878 879 68
879 880 66
880 881 58
881 882 97
882 883 82
883 884 90
884 885 10
885 886 64
886 887 6
887 888 80
888 889 66
889 890 66
890 891 33
891 892 73
892 893 62
893 894 97
894 895 50
895 896 1
896 897 47
897 898 66
898 899 28
899 900 11
900 901 82
901 902 8
902 903 91
903 904 91
904 905 24
905 906 78
906 907 48
907 908 51
908 909 23
909 910 44
910 911 24
911 912 62
912 913 45
913 914 12
914 915 3
915 916 89
916 917 11
917 918 22
918 919 90
919 920 37
920 921 49
921 922 80
922 923 71
923 924 49
924 925 87
925 926 38
926 927 25
927 928 93
928 929 30
929 930 15
930 931 47
931 932 44
932 933 98
933 934 51
934 935 54
935 936 47
936 937 14
937 938 59
938 939 61
939 940 77
940 941 18
941 942 59
942 943 65
943 944 21
944 945 94
945 946 87
946 947 25
947 948 71
948 949 77
949 950 67
950 951 41
951 952 82
952 953 9
953 954 61
954 955 3
955 956 29
956 957 54
957 958 39
958 959 6
959 960 58
960 961 82
961 962 76
962 963 96
963 964 94
964 965 97
965 966 65
966 967 81
967 968 83
968 969 26
969 970 41
970 971 60
971 972 78
972 973 41
973 974 22
974 975 88
975 976 28
976 977 53
977 978 43
978 979 28
979 980 88
980 981 98
981 982 20
982 983 58
983 984 49
984 985 8
985 986 38
986 987 33
987 988 21
988 989 53
989 990 98
990 991 56
991 992 70
992 993 3
993 994 11
994 995 60
995 996 83
996 997 99
997 998 10
998 999 92
342 351 82
530 548 1
177 244 35
241 178 10
774 636 35
685 238 71
435 892 24
347 2 89
656 678 73
43 35 26
488 574 20
623 484 72
372 827 17
647 372 78
597 875 25
27 671 45
13 674 43
139 924 96
304 68 93
801 547 67
265 881 2
983 119 54
342 27 69
271 143 100
437 628 3
530 136 47
330 206 59
588 710 11
546 253 77
297 957 99
308 502 23
900 405 51
285 179 29
285 802 4
505 7 59
583 410 84
85 605 42
331 706 75
162 622 85
515 411 38
788 176 38
496 763 13
349 664 84
7 654 9
808 208 89
813 190 48
9 724 74
513 419 77
145 10 27
957 793 57
111 81 72
885 892 74
480 308 83
64 93 22
611 330 75
39 564 79
798 5 32
475 84 87
130 152 31
183 607 34
769 484 93
139 578 46
395 867 78
707 720 47
8 109 79
281 471 42
558 51 90
930 791 45
531 884 24
793 522 35
109 813 82
100 220 75
605 509 67
475 910 91
425 298 14
279 70 5
405 740 28
427 950 8
696 81 46
208 335 95
46 307 93
474 656 68
694 826 6
31 953 33
706 164 79
44 325 7
277 58 66
257 292 44
758 176 56
218 690 13
930 112 4
381 510 94
85 853 36
881 591 51
9 691 90
584 458 53
171 907 10
298 176 4
324 806 94
846 629 59
290 479 6
566 408 16
87 113 53
405 565 79
204 366 28
969 125 86
513 516 88
597 876 30
358 643 65
925 245 10
889 477 64
195 541 84
201 593 88
469 819 12
894 302 69
900 331 80
58 769 1
942 279 95
911 333 74
707 892 67
214 41 3
960 646 61
483 312 94
369 444 97
239 788 38
924 163 80
415 623 16
114 621 11
875 213 52
934 149 68
964 732 23
36 189 64
532 620 87
983 363 42
121 313 39
659 897 82
998 337 32
57 712 75
807 316 16
12 926 4
810 86 9
578 194 26
149 939 32
170 460 77
138 921 41
229 849 35
643 308 13
207 593 11
764 820 12
469 308 4
343 563 85
516 920 43
28 571 62
129 313 46
299 940 35
885 551 23
678 153 51
360 687 43
449 610 42
44 759 75
489 3 62
329 807 71
208 268 42
735 537 97
595 636 73
459 266 53
961 525 77
363 223 25
877 99 97
613 550 90
456 613 99
498 652 67
926 27 26
614 914 26
821 114 60
594 735 35
543 795 84
412 764 38
63 815 68
702 920 6
559 280 9
953 182 94
61 268 38
437 482 56
881 820 14
164 804 81
829 308 75
877 363 80
952 284 24
645 74 37
446 477 17
967 231 30
558 772 74
593 179 96
42 992 45
636 576 47
158 981 50
602 105 81
847 149 12
344 4 5
133 448 36
986 376 44
728 530 50
7 380 57
871 598 34
365 232 51
49 431 82
955 361 12
195 850 43
905 759 83
292 36 1
552 320 95
760 998 66
209 102 8
490 840 100
102 362 51
150 240 4
292 567 44
29 432 41
425 766 32
946 275 75
859 479 89
508 182 21
173 488 99
853 956 29
441 158 82
444 581 22
834 238 88
270 250 65
677 503 56
606 327 58
228 628 88
663 54 39
977 333 73
404 794 31
546 335 86
0 320 10
190 684 15
328 222 68
745 886 47
633 990 66
203 548 61
301 872 98
457 305 2
759 120 100
769 672 81
652 710 18
69 959 68
462 817 56
368 865 47
609 410 97
302 778 39
561 408 39
826 6 42
886 750 1
900 364 16
271 879 91
339 207 72
822 807 84
524 667 78
87 556 70
907 451 93
140 327 11
321 598 46
108 578 86
821 660 60
854 40 56
958 421 60
331 699 62
126 698 90
227 364 40
910 353 64
161 542 33
954 308 75
704 168 97
873 30 51
724 181 79
765 215 45
383 950 24
403 544 38
947 193 55
788 359 29
176 160 8
392 923 92
583 845 100
634 858 71
448 494 90
318 432 84
826 37 2
582 154 25
947 544 96
292 784 62
773 832 84
244 48 70
221 121 20
117 391 48
754 151 2
506 491 87
81 818 34
759 912 68
199 121 3
243 943 25
114 251 65
310 422 11
855 599 95
408 567 83
428 872 23
996 812 28
58 494 43
99 76 77
893 747 65
386 411 94
607 926 26
288 413 68
24 517 50
248 165 91
948 966 99
749 957 59
833 401 69
297 427 32
161 561 3
585 435 55
224 258 94
488 888 96
340 827 81
915 651 88
101 741 90
806 277 54
20 857 33
841 981 77
74 880 28
669 628 42
190 605 82
400 765 100
517 703 88
841 733 87
356 926 32
85 45 54
296 721 86
431 791 64
290 610 99
683 853 1
960 544 5
110 502 8
12 821 16
771 583 2
475 52 31
677 831 84
206 180 18
513 204 52
364 734 62
584 886 13
290 357 98
765 721 40
618 337 27
745 196 31
928 676 53
957 801 68
119 576 61
86 868 37
45 570 73
854 442 86
142 205 8
296 330 37
536 458 79
352 874 40
881 6 90
770 967 69
876 606 7
569 350 89
44 867 32
495 534 64
61 798 45
888 476 77
967 483 33
73 954 30
469 946 12
969 582 2
820 689 100
943 139 60
739 6 95
825 211 6
846 852 82
964 295 55
425 842 1
266 226 91
916 450 87
181 869 55
682 474 100
174 296 54
142 643 51
140 169 84
919 731 92
221 44 97
22 633 41
807 414 92
827 831 7
289 749 58
457 218 10
116 784 59
733 153 90
49 481 11
714 880 100
285 110 33
785 274 32
919 567 48
498 699 14
9 933 59
851 923 85
401 499 85
117 866 17
702 33 25
870 883 71
752 166 32
237 858 7
174 610 24
176 480 15
270 668 52
721 866 86
897 418 69
730 123 3
971 628 88
790 532 5
700 658 27
200 126 46
25 244 38
584 879 13
537 701 24
74 474 33
456 828 95
956 936 97
763 161 8
928 541 60
169 194 57
298 684 100
49 72 80
164 317 52
637 229 65
526 492 26
193 841 19
120 7 68
128 373 99
39 112 100
822 371 64
826 596 92
195 993 99
350 738 67
949 520 63
295 865 21
284 363 17
980 879 74
272 686 24
107 818 94
578 723 54
469 165 3
22 899 57
693 341 3
791 327 25
574 241 9
69 787 24
526 932 45
892 484 61
986 713 18
233 259 27
152 873 92
553 697 54
963 990 76
160 426 5
218 460 80
462 267 72
648 276 20
597 748 63
392 988 8
260 498 19
714 224 74
177 380 73
743 414 21
508 693 60
971 789 34
441 996 5
210 71 27
170 425 46
917 486 19
432 349 26
718 48 24
46 249 59
318 522 90
770 836 51
805 855 36
939 813 51
417 194 94
925 475 76
385 871 88
610 578 11
308 564 36
661 84 47
379 540 74
79 227 73
901 618 15
751 603 27
494 351 79
