1000
1500
0 1 82
1 2 15
2 3 4
3 4 95
4 5 36
5 6 32
6 7 29
7 8 18
8 9 95
9 10 14
10 11 87
11 12 95
12 13 70
13 14 12
14 15 76
15 16 55
16 17 5
17 18 4
18 19 12
19 20 28
20 21 30
21 22 65
22 23 78
23 24 4
24 25 72
25 26 26
26 27 92
27 28 84
28 29 90
29 30 70
30 31 54
31 32 29
32 33 58
33 34 76
34 35 36
35 36 1
36 37 98
37 38 21
38 39 90
39 40 55
40 41 44
41 42 36
42 43 20
43 44 28
44 45 98
45 46 44
46 47 14
47 48 12
48 49 49
49 50 13
50 51 46
51 52 45
52 53 78
53 54 34
54 55 6
55 56 94
56 57 59
57 58 69
58 59 16
59 60 49
60 61 11
61 62 71
62 63 38
63 64 81
64 65 80
65 66 47
66 67 74
67 68 25
68 69 91
69 70 9
70 71 6
71 72 85
72 73 30
73 74 99
74 75 38
75 76 11
76 77 30
77 78 13
78 79 49
79 80 36
80 81 59
81 82 82
82 83 47
83 84 21
84 85 48
85 86 46
86 87 27
87 88 86
88 89 35
89 90 90
90 91 88
91 92 83
92 93 10
93 94 78
94 95 82
95 96 22
96 97 69
97 98 94
98 99 32
99 100 21
100 101 60
101 102 49
102 103 35
103 104 82
104 105 89
105 106 72
106 107 29
107 108 88
108 109 42
109 110 99
110 111 100
111 112 8
112 113 30
113 114 5
114 115 41
115 116 52
116 117 35
117 118 9
118 119 28
119 120 73
120 121 92
121 122 41
122 123 28
123 124 84
124 125 64
125 126 51
126 127 83
127 128 59
128 129 19
129 130 34
130 131 18
131 132 32
132 133 96
133 134 72
134 135 69
135 136 34
136 137 96
137 138 75
138 139 55
139 140 75
140 141 52
141 142 47
142 143 29
143 144 18
144 145 66
145 146 64
146 147 12
147 148 97
148 149 7
149 150 15
150 151 20
151 152 81
152 153 21
153 154 88
154 155 55
155 156 77
156 157 9
157 158 50
158 159 49
159 160 77
160 161 60
161 162 68
162 163 33
163 164 71
164 165 2
165 166 88
166 167 93
167 168 15
168 169 88
169 170 69
170 171 97
171 172 35
172 173 99
173 174 83
174 175 44
175 176 15
176 177 38
177 178 56
178 179 21
179 180 59
180 181 1
181 182 93
182 183 93
183 184 34
184 185 65
185 186 98
186 187 23
187 188 65
188 189 14
189 190 81
190 191 39
191 192 82
192 193 65
193 194 78
194 195 26
195 196 20
196 197 48
197 198 98
198 199 21
199 200 70
200 201 100
201 202 68
202 203 1
203 204 77
204 205 42
205 206 63
206 207 3
207 208 15
208 209 47
209 210 40
210 211 31
211 212 8
212 213 31
213 214 73
214 215 11
215 216 11
216 217 94
217 218 63
218 219 9
219 220 98
220 221 69
221 222 99
222 223 17
223 224 17
224 225 85
225 226 61
226 227 71
227 228 22
228 229 34
229 230 68
230 231 78
231 232 55
232 233 28
233 234 70
234 235 97
235 236 94
236 237 89
237 238 26
238 239 92
239 240 40
240 241 52
241 242 86
242 243 84
243 244 48
244 245 57
245 246 67
246 247 58
247 248 16
248 249 32
249 250 29
250 251 9
251 252 44
252 253 3
253 254 76
254 255 71
255 256 30
256 257 76
257 258 29
258 259 1
259 260 10
260 261 91
261 262 81
262 263 8
263 264 30
264 265 9
265 266 5
266 267 43
267 268 10
268 269 66
269 270 31
270 271 36
271 272 86
272 273 63
273 274 28
274 275 70
275 276 17
276 277 93
277 278 74
278 279 74
279 280 61
280 281 32
281 282 61
282 283 53
283 284 25
284 285 13
285 286 13
286 287 85
287 288 56
288 289 46
289 290 55
290 291 53
291 292 60
292 293 94
293 294 7
294 295 87
295 296 84
296 297 83
297 298 13
298 299 8
299 300 52
300 301 94
301 302 44
302 303 14
303 304 32
304 305 25
305 306 25
306 307 69
307 308 58
308 309 18
309 310 55
310 311 24
311 312 36
312 313 60
313 314 32
314 315 10
315 316 57
316 317 71
317 318 13
318 319 7
319 320 84
320 321 70
321 322 2
322 323 12
323 324 97
324 325 31
325 326 22
326 327 53
327 328 63
328 329 62
329 330 28
330 331 52
331 332 8
332 333 22
333 334 49
334 335 1
335 336 50
336 337 34
337 338 59
338 339 37
339 340 55
340 341 90
341 342 94
342 343 72
343 344 85
344 345 92
345 346 63
346 347 20
347 348 25
348 349 38
349 350 28
350 351 8
351 352 75
352 353 95
353 354 70
354 355 8
355 356 96
356 357 41
357 358 8
358 359 7
359 360 75
360 361 62
361 362 65
362 363 68
363 364 21
364 365 8
365 366 66
366 367 11
367 368 24
368 369 9
369 370 77
370 371 9
371 372 87
372 373 31
373 374 52
374 375 16
375 376 73
376 377 32
377 378 75
378 379 77
379 380 6
380 381 80
381 382 11
382 383 54
383 384 85
384 385 75
385 386 73
386 387 67
387 388 41
388 389 34
389 390 27
390 391 86
391 392 92
392 393 41
393 394 31
394 395 34
395 396 51
396 397 17
397 398 86
398 399 83
399 400 39
400 401 59
401 402 41
402 403 97
403 404 10
404 405 2
405 406 59
406 407 80
407 408 73
408 409 13
409 410 10
410 411 69
411 412 28
412 413 65
413 414 34
414 415 17
415 416 45
416 417 9
417 418 32
418 419 48
419 420 37
420 421 21
421 422 57
422 423 70
423 424 91
424 425 39
425 426 79
426 427 84
427 428 68
428 429 2
429 430 86
430 431 71
431 432 39
432 433 85
433 434 14
434 435 18
435 436 34
436 437 15
437 438 14
438 439 96
439 440 71
440 441 20
441 442 35
442 443 37
443 444 78
444 445 27
445 446 92
446 447 44
447 448 27
448 449 88
449 450 82
450 451 34
451 452 65
452 453 63
453 454 33
454 455 7
455 456 12
456 457 82
457 458 55
458 459 36
459 460 6
460 461 1
461 462 43
462 463 99
463 464 17
464 465 82
465 466 34
466 467 21
467 468 95
468 469 57
469 470 71
470 471 91
471 472 55
472 473 72
473 474 2
474 475 15
475 476 10
476 477 89
477 478 20
478 479 70
479 480 5
480 481 48
481 482 75
482 483 71
483 484 19
484 485 56
485 486 17
486 487 6
487 488 40
488 489 47
489 490 6
490 491 46
491 492 27
492 493 88
493 494 32
494 495 86
495 496 14
496 497 46
497 498 100
498 499 72
499 500 53
500 501 80
501 502 96
502 503 20
503 504 31
504 505 21
505 506 23
506 507 53
507 508 4
508 509 23
509 510 95
510 511 43
511 512 53
512 513 86
513 514 95
514 515 32
515 516 35
516 517 21
517 518 90
518 519 14
519 520 49
520 521 5
521 522 61
522 523 29
523 524 26
524 525 59
525 526 45
526 527 40
527 528 30
528 529 29
529 530 4
530 531 85
531 532 25
532 533 52
533 534 43
534 535 36
535 536 9
536 537 99
537 538 36
538 539 45
539 540 83
540 541 66
541 542 52
542 543 87
543 544 69
544 545 43
545 546 4
546 547 15
547 548 34
548 549 23
549 550 75
550 551 34
551 552 5
552 553 14
553 554 77
554 555 56
555 556 45
556 557 94
557 558 41
558 559 56
559 560 78
560 561 66
561 562 15
562 563 50
563 564 74
564 565 25
565 566 33
566 567 6
567 568 91
568 569 56
569 570 1
570 571 67
571 572 69
572 573 88
573 574 93
574 575 95
575 576 95
576 577 86
577 578 26
578 579 47
579 580 56
580 581 9
581 582 86
582 583 43
583 584 80
584 585 41
585 586 85
586 587 16
587 588 93
588 589 39
589 590 65
590 591 40
591 592 86
592 593 53
593 594 42
594 595 52
595 596 90
596 597 38
597 598 71
598 599 17
599 600 25
600 601 54
601 602 86
602 603 49
603 604 87
604 605 96
605 606 23
606 607 79
607 608 73
608 609 39
609 610 52
610 611 71
611 612 1
612 613 39
613 614 37
614 615 27
615 616 56
616 617 75
617 618 78
618 619 84
619 620 42
620 621 60
621 622 57
622 623 57
623 624 87
624 625 28
625 626 66
626 627 61
627 628 95
628 629 22
629 630 85
630 631 11
631 632 37
632 633 66
633 634 85
634 635 82
635 636 80
636 637 43
637 638 12
638 639 97
639 640 31
640 641 87
641 642 40
642 643 29
643 644 26
644 645 19
645 646 4
646 647 6
647 648 32
648 649 61
649 650 79
650 651 99
651 652 10
652 653 59
653 654 54
654 655 81
655 656 74
656 657 25
657 658 92
658 659 90
659 660 50
660 661 64
661 662 52
662 663 32
663 664 19
664 665 84
665 666 89
666 667 1
667 668 97
668 669 99
669 670 14
670 671 100
671 672 55
672 673 29
673 674 23
674 675 90
675 676 67
676 677 60
677 678 7
678 679 72
679 680 32
680 681 16
681 682 59
682 683 18
683 684 60
684 685 86
685 686 68
686 687 72
687 688 77
688 689 41
689 690 97
690 691 57
691 692 79
692 693 93
693 694 65
694 695 55
695 696 71
696 697 58
697 698 21
698 699 96
699 700 61
700 701 58
701 702 34
702 703 97
703 704 32
704 705 82
705 706 36
706 707 99
707 708 100
708 709 67
709 710 63
710 711 81
711 712 31
712 713 36
713 714 57
714 715 10
715 716 92
716 717 37
717 718 31
718 719 35
719 720 43
720 721 41
721 722 70
722 723 11
723 724 18
724 725 20
725 726 30
726 727 50
727 728 89
728 729 20
729 730 91
730 731 28
731 732 9
732 733 54
733 734 53
734 735 43
735 736 70
736 737 60
737 738 54
738 739 8
739 740 27
740 741 54
741 742 50
742 743 99
743 744 75
744 745 90
745 746 3
746 747 98
747 748 74
748 749 49
749 750 62
750 751 1
751 752 46
752 753 39
753 754 97
754 755 50
755 756 54
756 757 69
757 758 96
758 759 95
759 760 70
760 761 78
761 762 29
762 763 63
763 764 29
764 765 35
765 766 56
766 767 63
767 768 4
768 769 50
769 770 44
770 771 86
771 772 87
772 773 52
773 774 93
774 775 22
775 776 60
776 777 17
777 778 80
778 779 69
779 780 4
780 781 51
781 782 76
782 783 73
783 784 85
784 785 4
785 786 11
786 787 83
787 788 55
788 789 18
789 790 60
790 791 24
791 792 7
792 793 34
793 794 49
794 795 42
795 796 28
796 797 59
797 798 42
798 799 44
799 800 98
800 801 49
801 802 36
802 803 97
803 804 54
804 805 33
805 806 11
806 807 61
807 808 3
808 809 96
809 810 70
810 811 7
811 812 45
812 813 29
813 814 84
814 815 9
815 816 100
816 817 84
817 818 6
818 819 97
819 820 4
820 821 32
821 822 26
822 823 3
823 824 80
824 825 20
825 826 31
826 827 17
827 828 61
828 829 86
829 830 15
830 831 73
831 832 28
832 833 60
833 834 90
834 835 33
835 836 99
836 837 48
837 838 22
838 839 78
839 840 78
840 841 96
841 842 92
842 843 15
843 844 100
844 845 21
845 846 40
846 847 14
847 848 75
848 849 4
849 850 40
850 851 74
851 852 87
852 853 49
853 854 51
854 855 92
855 856 26
856 857 10
857 858 76
858 859 89
859 860 81
860 861 32
861 862 14
862 863 90
863 864 99
864 865 39
865 866 88
866 867 77
867 868 16
868 869 73
869 870 6
870 871 45
871 872 69
872 873 55
873 874 85
874 875 48
875 876 9
876 877 65
877 878 83
878 879 44
879 880 2
880 881 54
881 882 63
882 883 14
883 884 56
884 885 47
885 886 82
886 887 59
887 888 91
888 889 20
889 890 56
890 891 23
891 892 94
892 893 67
893 894 84
894 895 35
895 896 79
896 897 69
897 898 100
898 899 62
899 900 60
900 901 56
901 902 94
902 903 76
903 904 35
904 905 42
905 906 32
906 907 12
907 908 36
908 909 58
909 910 32
910 911 97
911 912 60
912 913 73
913 914 79
914 915 86
915 916 49
916 917 44
917 918 4
918 919 64
919 920 42
920 921 24
921 922 63
922 923 28
923 924 46
924 925 34
925 926 44
926 927 36
927 928 77
928 929 90
929 930 36
930 931 72
931 932 2
932 933 67
933 934 25
934 935 11
935 936 31
936 937 93
937 938 53
938 939 63
939 940 72
940 941 98
941 942 31
942 943 89
943 944 61
944 945 83
945 946 92
946 947 63
947 948 58
948 949 3
949 950 12
950 951 38
951 952 29
952 953 52
953 954 89
954 955 32
955 956 40
956 957 85
957 958 75
958 959 48
959 960 61
960 961 71
961 962 68
962 963 45
963 964 55
964 965 96
965 966 71
966 967 43
967 968 46
968 969 90
969 970 59
970 971 35
971 972 40
972 973 33
973 974 30
974 975 16
975 976 93
976 977 25
977 978 41
978 979 16
979 980 96
980 981 69
981 982 98
982 983 89
983 984 24
984 985 25
985 986 28
986 987 95
987 988 62
988 989 36
989 990 93
990 991 76
991 992 98
992 993 68
993 994 77
994 995 37
995 996 13
996 997 25
997 998 38
998 999 30
369 183 39
14 725 69
129 280 6
997 55 71
299 714 17
653 889 97
502 105 2
587 291 61
490 451 44
188 988 7
258 963 62
116 841 9
410 503 10
590 644 88
54 155 20
830 576 39
87 254 16
571 782 54
620 610 80
231 794 67
389 461 57
304 880 76
439 312 73
635 61 79
983 757 13
970 781 27
640 216 34
676 83 21
245 177 71
76 160 1
418 461 89
608 481 38
33 237 37
723 289 90
880 464 10
703 239 34
806 810 81
603 677 26
435 117 70
230 663 20
930 272 19
73 61 22
811 314 77
766 844 73
943 295 57
127 479 89
311 716 52
965 278 65
552 505 57
82 612 6
910 442 95
330 618 33
26 93 30
984 690 74
601 973 3
783 688 35
590 41 98
774 179 61
531 667 57
938 284 24
599 446 82
833 503 12
481 356 53
341 328 86
107 878 21
337 421 89
507 295 85
967 410 98
563 37 59
90 322 33
331 118 99
413 885 66
844 1 85
890 555 60
423 55 25
530 370 80
774 510 81
452 778 7
208 273 71
134 949 37
448 901 90
496 124 4
996 645 78
818 245 91
162 318 71
14 565 53
95 230 15
472 969 16
663 852 20
510 955 92
298 521 91
279 425 62
483 249 59
564 148 50
195 943 77
520 764 18
884 71 36
791 808 54
348 956 65
273 840 1
289 743 39
857 601 75
675 501 20
457 551 62
353 340 71
781 556 49
466 955 42
890 193 90
244 585 50
239 876 100
420 44 41
762 484 91
935 830 49
395 679 84
155 507 5
129 514 76
339 890 13
895 865 57
102 538 59
15 739 19
419 891 84
993 158 10
480 800 34
346 638 89
407 665 11
872 336 87
879 546 49
977 324 81
735 908 98
499 893 70
36 632 9
240 646 88
943 294 30
764 92 56
100 778 82
720 893 13
454 170 89
306 925 4
47 332 8
300 367 48
441 149 32
543 421 73
698 811 24
174 179 11
624 891 49
634 699 31
509 934 75
146 237 60
653 260 59
261 682 2
920 823 60
922 294 87
559 161 10
452 967 45
601 306 82
985 434 89
256 467 39
203 393 62
109 242 49
585 367 74
302 716 38
22 849 85
405 281 2
579 885 88
796 762 7
932 620 96
508 852 37
794 818 30
621 821 46
224 651 25
635 256 87
773 738 99
675 697 18
643 99 81
661 40 40
807 451 5
593 373 94
134 92 38
334 765 54
179 205 17
805 552 47
543 513 35
850 168 33
935 844 62
990 825 38
764 891 44
823 117 60
986 77 19
772 989 29
880 692 93
690 406 72
374 92 51
14 270 69
126 465 48
688 766 87
268 598 49
842 653 48
110 691 30
482 25 80
905 965 72
335 937 79
226 663 9
650 843 60
931 717 39
664 418 15
143 46 5
311 504 15
99 240 69
138 397 59
379 686 96
713 968 70
429 601 96
744 158 54
670 101 63
630 417 36
33 706 48
222 454 57
973 241 47
101 702 48
557 923 83
367 62 51
282 194 16
971 868 59
93 678 28
657 654 77
994 21 7
805 341 32
128 805 73
210 70 98
567 212 76
221 832 30
336 792 19
807 922 77
2 283 19
133 553 33
817 178 15
676 887 4
134 15 46
243 602 42
16 178 34
53 129 95
431 538 15
763 65 61
459 796 47
525 607 14
462 515 29
968 629 6
744 802 85
533 308 59
658 987 4
62 490 52
436 702 14
502 729 57
75 920 11
329 622 19
67 129 36
639 648 75
561 729 42
390 611 68
301 464 65
619 440 13
812 718 15
873 670 84
898 787 71
738 886 28
440 462 30
423 347 59
408 425 94
97 320 55
320 681 33
383 976 20
703 945 61
68 93 11
95 442 13
762 756 48
831 133 72
61 600 72
575 337 86
125 420 46
894 681 97
433 888 93
52 991 37
614 319 46
106 591 65
217 158 85
493 229 14
358 865 72
376 117 98
285 587 29
826 439 72
997 785 80
628 691 83
570 26 78
951 673 89
273 29 24
279 719 98
316 943 44
359 6 24
890 146 73
673 410 9
145 758 82
995 31 12
764 543 28
385 429 59
349 161 48
319 738 42
795 964 73
610 86 7
159 161 97
632 50 87
83 278 57
677 434 63
621 452 54
279 220 97
524 116 45
440 113 37
607 498 68
683 315 6
225 404 77
56 7 27
308 968 28
785 140 98
261 296 42
122 7 64
764 440 23
132 389 69
720 235 65
572 853 86
825 362 10
406 882 95
43 446 3
470 943 10
882 320 74
439 587 52
726 655 54
296 117 52
21 989 42
175 820 80
471 851 89
941 370 12
447 864 14
249 446 76
410 536 11
405 891 40
763 347 29
341 797 22
78 522 82
116 543 66
198 927 100
357 359 94
981 838 83
834 151 31
105 149 33
202 177 78
156 778 98
671 77 23
974 791 81
505 475 97
577 778 75
459 697 73
658 650 80
330 884 81
323 154 57
69 480 57
646 310 36
605 57 46
519 75 40
472 462 5
58 377 37
78 660 12
629 608 65
393 473 75
567 977 95
917 42 58
930 829 74
667 192 42
619 487 65
154 980 8
461 105 44
731 86 65
661 176 6
253 724 57
449 536 67
624 162 47
381 939 37
396 418 100
346 695 77
53 808 81
662 342 9
337 96 72
694 395 37
258 741 85
987 928 78
894 153 43
83 596 85
144 938 45
317 990 84
715 678 51
132 609 91
960 86 40
572 385 83
810 336 17
686 719 95
701 934 68
95 661 86
433 520 47
18 371 40
184 973 28
349 970 99
497 196 29
140 158 10
302 864 13
519 789 70
855 756 68
38 677 44
897 784 80
134 611 49
157 166 24
851 709 99
639 828 22
738 448 6
420 373 87
736 243 57
625 291 97
766 802 58
239 546 31
316 988 61
925 855 25
376 694 74
451 472 99
288 796 49
514 540 54
989 165 26
820 619 18
893 256 7
656 492 48
567 956 14
728 866 67
871 127 37
85 781 21
279 460 66
150 850 56
93 969 29
836 461 45
952 27 54
54 405 65
382 241 50
83 383 29
28 326 13
859 731 84
343 810 19
140 39 37
939 849 61
712 851 18
777 722 61
459 630 1
927 81 3
262 220 20
561 962 94
623 540 55
113 794 37
243 308 16
48 244 54
654 812 80
468 64 15
856 926 64
611 548 3
647 527 74
247 735 19
298 439 1
629 361 31
584 426 24
680 684 11
536 998 47
69 976 68
557 519 65
567 20 50
894 481 6
650 396 48
259 765 3
365 807 9
353 246 94
672 643 14
790 595 95
774 340 18
45 360 70
346 833 83
179 850 100
701 475 90
490 646 24
830 138 9
733 794 59
37 300 26
44 810 26
907 42 41
955 317 66
407 834 70
484 259 5
771 662 25
292 365 100
48 886 84
